[Constant]
test: 1, stddev: 0.1, learning_rate: 0.000625, WORD: 20, MEMORY: 40
W
[[-2.73447186e-01  1.36987314e-01 -7.02980831e-02 -1.26202062e-01
   1.49564430e-01 -1.61511898e-01  8.92064255e-03  3.24057996e-01
  -1.40498877e-01  8.54175538e-02 -4.58682179e-02  2.25821733e-01
  -2.16092661e-01  8.78223479e-02 -1.08595203e-04  1.72213819e-02
  -3.38875018e-02 -1.19866848e-01  1.66335583e-01  3.15807134e-01
   1.80333540e-01  1.38592511e-01 -9.92614701e-02 -6.28712103e-02
   5.10818996e-02 -4.02196161e-02  1.35508791e-01 -4.54262458e-02
  -4.02423516e-02 -2.64521420e-01  2.26924330e-01  2.36101910e-01
  -1.78725258e-01 -1.01586498e-01 -2.79337391e-02 -1.01793282e-01
  -4.11081798e-02  1.58773795e-01  1.90590695e-01 -1.56913161e-01]
 [-5.20851500e-02  2.35079955e-02 -2.78959814e-02 -6.36031628e-02
  -2.13022783e-01  4.69009094e-02  2.93669812e-02  4.62122351e-01
  -1.17344432e-01 -1.33309096e-01  6.50810525e-02 -3.49748805e-02
  -6.15507551e-02  1.36946723e-01 -4.40946743e-02 -1.46593601e-01
   1.80282146e-01  1.61037788e-01 -4.62196320e-02  1.00598484e-01
  -4.06892002e-02 -2.32007038e-02  4.42276038e-02  1.66573480e-01
   7.89052546e-02 -4.36587520e-02  2.95437742e-02  1.48854889e-02
   7.25214323e-03  6.00103699e-02  1.11652181e-01  1.15909055e-01
   1.33841842e-01  1.30320147e-01 -1.99248809e-02 -1.01205409e-01
  -1.81704815e-02 -6.54667020e-02  3.44176367e-02 -9.78541970e-02]
 [-1.08133808e-01 -2.02979267e-01  1.40021590e-03 -7.47077018e-02
   3.03596351e-02 -6.83945641e-02 -7.28192478e-02  1.39325276e-01
   5.36788963e-02 -7.32137114e-02 -2.34400928e-01  9.45952907e-03
  -1.56444639e-01  1.55134395e-01  8.65122378e-02 -3.41934443e-01
   8.54391828e-02  1.26056209e-01 -1.41734511e-01  3.24218184e-01
   1.25622628e-02  7.41312504e-02  8.25076625e-02  1.12452276e-01
  -4.32058685e-02 -5.07347919e-02  1.42316863e-01  1.66077808e-01
   3.64841856e-02 -7.78337270e-02  2.07633808e-01  2.49681786e-01
   1.87307581e-01  1.59154817e-01 -1.23124398e-01 -5.24345227e-02
   4.66155186e-02  8.90073273e-03  5.63470460e-02  2.22526700e-03]
 [-1.74610868e-01  4.70365118e-03 -3.35985161e-02  2.32175626e-02
   1.00407593e-01  9.87757668e-02  1.32115409e-01  1.67669594e-01
   5.38723953e-02  2.25468557e-02 -1.01549618e-01  6.23495765e-02
  -5.80446310e-02  9.14427266e-02  5.31856716e-02 -6.50268346e-02
   1.56609014e-01  3.87058854e-02 -3.08463834e-02  3.68383676e-01
   1.25056773e-01 -7.15742558e-02 -1.59125954e-01  3.64303619e-01
  -2.10124388e-04  3.58928069e-02  8.09413288e-03  6.04997985e-02
   1.15374006e-01 -5.01083806e-02  1.07126966e-01 -6.06802516e-02
   7.71622956e-02  1.39637664e-01 -6.67051449e-02  1.53240906e-02
   1.11596242e-01  1.96291581e-02 -4.47353311e-02  2.42674835e-02]
 [ 3.66486460e-01  4.09787863e-01  5.25036454e-01  3.90469313e-01
   2.17953935e-01  4.20823574e-01  3.34051192e-01  8.83235395e-01
  -3.87481511e-01  2.13130832e-01 -1.12190664e-01 -6.73271894e-01
   1.67319715e-01 -2.17253536e-01 -5.78283548e-01  2.07565837e-02
   4.01491314e-01 -1.65475041e-01  1.58943665e+00 -1.44476318e+00
  -8.37221682e-01  2.12971419e-01 -6.68556392e-01 -1.17075396e+00
  -1.16702686e-04 -1.46911740e-01  6.75824761e-01 -8.83553922e-02
  -3.01666167e-02 -4.71282631e-01 -1.37145829e+00  1.10192508e-01
  -7.99826562e-01  6.04845226e-01 -4.54611063e-01  7.23406374e-01
  -1.22960761e-01  2.88928330e-01 -3.79214793e-01 -2.03181505e-01]
 [ 3.03822290e-02 -5.73653691e-02  1.54410318e-01 -1.92556575e-01
  -2.69605163e-02  1.06276028e-01  4.03198972e-02  2.15472385e-01
  -1.38578027e-01 -9.01015755e-03  6.39277548e-02  3.80210206e-02
  -1.19612028e-03  1.36601955e-01 -1.01573832e-01 -1.06204515e-02
  -1.18952077e-02 -8.87235627e-02 -7.67626613e-02  3.61276001e-01
   2.07666218e-01  1.93741284e-02 -4.45952937e-02  1.49672953e-02
   1.11518558e-02  2.01421410e-01  5.86708412e-02 -1.47528499e-01
  -1.46483526e-01 -1.37672693e-01  1.31828651e-01 -1.18475733e-02
   8.46872330e-02 -8.75019282e-02 -1.48176372e-01  1.31979451e-01
  -1.03917839e-02 -2.04246733e-02 -3.47874686e-03  1.38649866e-01]
 [-1.47083044e-01 -7.76377544e-02  3.20571028e-02 -5.99463992e-02
   8.75668749e-02 -2.31621321e-02  1.19958609e-01  4.84863594e-02
  -6.36516958e-02 -3.13134231e-02 -3.25021776e-03  9.17942747e-02
   7.94795677e-02  7.14665651e-02  5.03482260e-02 -2.38811031e-01
   2.52154738e-01  1.45960584e-01 -3.58551592e-02  3.53950292e-01
  -3.64782871e-03  3.84571664e-02 -5.19941701e-03  9.39221308e-02
  -4.32755388e-02  1.81909218e-01  6.21045604e-02 -6.68379813e-02
  -1.48526341e-01 -1.03966288e-01  2.49113813e-01  5.92485406e-02
   5.26010916e-02  2.56172925e-01  7.26806670e-02 -1.13480844e-01
   1.13580652e-01 -7.94518068e-02 -2.25032959e-02  1.28246248e-01]
 [ 4.89677824e-02  6.58826590e-01  1.32684872e-01  1.90025970e-01
   2.08960608e-01  4.63783294e-01 -9.06032324e-01 -4.28924739e-01
   9.76366937e-01 -3.32354188e-01  1.28256798e+00  1.23390086e-01
   3.78910244e-01 -7.01474786e-01 -3.52782942e-02 -3.36640149e-01
  -1.54641235e+00 -1.25020415e-01 -1.56701520e-01 -4.97891366e-01
   4.32729661e-01 -7.93323338e-01  9.52371061e-02 -9.16929007e-01
  -5.34709156e-01  1.48982748e-01  3.57102931e-01  3.51872258e-02
   5.31576753e-01  1.12529635e+00 -6.43454075e-01  8.17865610e-01
   4.13208485e-01 -1.51435077e-01 -1.22332245e-01 -5.47742546e-01
  -7.53257573e-01  8.23169053e-01  6.09143436e-01  1.64201275e-01]
 [ 2.43875459e-02  1.22494824e-01  9.70755816e-02 -2.08076879e-01
  -4.10151184e-02  8.39670077e-02 -1.82961300e-02  1.48871094e-01
  -6.04932681e-02 -1.53429657e-01 -2.39227191e-01  8.97886679e-02
  -9.80458632e-02  7.46418759e-02 -1.12701826e-01 -1.61694825e-01
   8.79945159e-02  1.31871430e-02 -1.25296026e-01  1.73405007e-01
   4.97593731e-02 -8.15850571e-02  1.83355343e-02  2.54998595e-01
   2.50623059e-02  1.56017497e-01  1.15909494e-01 -2.13791151e-03
   8.89511593e-03 -3.13822806e-01  1.56572223e-01  2.74114292e-02
   5.50917052e-02  5.43287471e-02  2.43751988e-01 -1.01748675e-01
  -5.99680655e-02  4.78207655e-02  1.20905034e-01 -2.47043334e-02]
 [-1.38781577e-01  5.63078709e-02  7.17457326e-04 -3.77757363e-02
   5.37683293e-02 -1.05586812e-01 -8.33508149e-02  2.23600134e-01
   7.56664425e-02 -3.38434130e-02  1.79694034e-02 -1.01903506e-01
  -8.53958651e-02  1.54789329e-01  4.74326499e-02 -1.55308366e-01
  -5.66457435e-02 -7.24799111e-02 -1.04923822e-01  2.62514412e-01
  -6.91181719e-02  1.68422293e-02 -1.18981553e-02  1.58284828e-01
   2.50720866e-02  3.28007974e-02  1.82416677e-01 -5.78106418e-02
  -6.87483922e-02 -1.04165472e-01  2.84239411e-01  1.59997955e-01
   2.00358540e-01  1.21762015e-01 -3.33876386e-02 -1.41673654e-01
  -1.85112774e-01  1.22344151e-01  9.95591208e-02  5.60140125e-02]
 [-2.33683035e-01  1.41756786e-02  5.47253005e-02 -7.89376646e-02
  -1.61106974e-01  3.44924591e-02  9.55259278e-02  6.19100630e-02
  -1.19257905e-02 -5.44943102e-02 -2.03543693e-01  9.56950262e-02
  -5.96272610e-02  6.56686584e-03 -1.09098524e-01 -1.35250241e-01
  -8.41329899e-03  1.64797902e-01 -8.61974433e-02  2.72432745e-01
  -9.90546495e-03  4.77559492e-02  8.27678442e-02  2.78585911e-01
   2.94078197e-02 -6.43719546e-03  4.75121401e-02  1.25967175e-01
   3.58990505e-02 -1.84562653e-01  5.75273857e-02  1.49343118e-01
   1.76333301e-02 -4.46965732e-02 -2.53858417e-01 -1.54209927e-01
   1.69186503e-01  7.63336122e-02 -1.03304267e-01  8.11449364e-02]
 [-4.23489101e-02  1.12727210e-01  1.46795198e-01 -1.10906228e-01
   3.71502079e-02  2.39250943e-01  1.28891423e-01  2.75067538e-01
  -5.54464795e-02  1.42483739e-02 -1.64006278e-01  6.47989661e-02
  -1.41408946e-02  6.87374547e-02  1.76365018e-01 -4.85171676e-02
   1.95429176e-02  9.11589265e-02 -7.93731597e-04  9.05594081e-02
   1.34071067e-01 -9.03956220e-02  1.26025766e-01  1.58441365e-01
   2.47528672e-01  3.11094001e-02  8.84618759e-02  1.31733874e-02
  -1.90034881e-01 -1.47429019e-01  2.92270392e-01  1.32021084e-01
  -1.39230648e-02 -1.00197919e-01 -1.18688822e-01  5.32748029e-02
   4.81998101e-02  1.77149400e-01 -4.04004343e-02  5.95486499e-02]
 [-1.13885373e-01  5.78571968e-02  5.03175035e-02 -6.42618760e-02
  -8.17822590e-02 -4.24603596e-02  2.32975855e-02  1.85917318e-01
   1.59136236e-01 -2.09028870e-02  2.95282528e-02  4.98261899e-02
   3.69420610e-02  3.18661124e-01 -1.07990660e-01 -1.30093411e-01
   6.16904981e-02  4.20509763e-02 -1.22344241e-01  1.71736985e-01
  -6.06200099e-02  1.37157962e-01 -1.49152532e-01  1.25320954e-02
   2.35120058e-01  4.43514176e-02 -6.46870285e-02  1.36065379e-01
  -2.31267768e-03 -2.79007107e-01  1.60224274e-01  1.02085024e-01
   1.99789450e-01  3.18421163e-02 -6.85913339e-02  7.23907277e-02
  -1.89042300e-01  5.14526106e-02  1.30073562e-01  7.06610829e-02]
 [ 5.32281935e-01 -3.98246616e-01  1.86582014e-01  2.17175767e-01
   1.02911222e+00 -1.63507640e-01  4.22900356e-02 -7.14300513e-01
   3.44416112e-01 -1.23171963e-01 -5.64774632e-01 -8.77283812e-01
   1.18852466e-01  1.07254721e-01  6.80570424e-01  3.16610515e-01
   5.66330194e-01 -2.71187484e-01 -5.39396167e-01 -1.29387021e+00
   7.22578838e-02 -2.16937125e-01  5.93320690e-02 -1.03947796e-01
   4.61176366e-01  7.76959300e-01 -2.18027368e-01  9.73105073e-01
  -4.28003371e-01 -4.84723032e-01  5.07645488e-01 -4.92102176e-01
  -3.23070526e-01 -2.11129233e-01 -3.57367039e-01  2.01420590e-01
   2.25336999e-01 -2.81953007e-01  5.13580978e-01 -1.40658963e+00]
 [ 3.19121659e-01 -8.85612309e-01  3.35744143e-01  7.06394434e-01
  -9.00153756e-01 -2.12197527e-02 -7.80226946e-01 -3.58769178e-01
  -3.91771853e-01  5.15128136e-01  4.86861318e-01  7.82940745e-01
  -4.42104667e-01  8.69240701e-01  6.52038395e-01  1.00199354e+00
   1.86666504e-01 -1.02958024e+00 -2.77820587e-01 -9.00721729e-01
  -4.96816099e-01  1.10589623e+00  1.70410717e+00  3.88477176e-01
  -1.89699516e-01 -1.34232485e+00 -2.08283328e-02 -4.14462477e-01
   2.60604501e-01  1.08359063e+00  9.19204354e-01 -2.33138531e-01
  -1.60728484e-01 -7.76952088e-01  2.09803358e-01  7.91632533e-01
  -5.88136256e-01 -1.28294662e-01 -7.19295442e-01  1.17203772e+00]
 [-1.60724949e-02  7.33113587e-02 -8.15790892e-02 -3.08905095e-01
  -5.46392845e-03 -1.33506671e-01  1.00201488e-01  2.92370439e-01
   6.05798066e-02 -6.34640753e-02 -7.29251131e-02  1.86229303e-01
   8.42014775e-02 -5.13132885e-02 -3.87019776e-02 -1.24024816e-01
  -1.32759184e-01  4.03467529e-02  1.34879043e-02  1.87885672e-01
   4.05847505e-02 -6.36884421e-02 -8.44180770e-03 -5.19052800e-03
   9.06568319e-02  6.67895228e-02  8.27862695e-02  1.41308635e-01
  -4.01537418e-02 -1.81961864e-01  2.15338841e-01  1.04814433e-01
   5.56466840e-02  2.78413206e-01 -1.22054167e-01 -1.10646643e-01
  -1.62238851e-01  1.21650293e-01  2.79801879e-02 -4.31502499e-02]
 [-8.15533996e-02  9.79516432e-02  7.13573694e-02 -1.79014564e-01
  -4.44199182e-02  1.53773740e-01 -3.04876510e-02  4.01542574e-01
  -5.56485727e-02 -1.24962285e-01 -1.11507677e-01 -5.86538315e-02
  -2.25800022e-01 -1.01704821e-02 -1.57870606e-01  6.77610934e-02
   1.65333599e-01  8.08633119e-02 -1.67848527e-01  2.58143365e-01
   1.27707437e-01 -1.28315119e-02 -1.57304704e-01  6.05926998e-02
   1.50225535e-01  8.75367820e-02  1.25633135e-01 -6.99063912e-02
  -1.02049716e-01 -4.60515134e-02  1.38299063e-01 -7.59056658e-02
  -4.21642093e-03  6.09173588e-02  6.17643148e-02 -6.46899790e-02
   1.91029515e-02 -3.14026885e-02 -5.82926348e-02  2.49556452e-02]
 [ 9.14229155e-02 -3.51126164e-01 -6.19175792e-01  1.73843026e-01
   1.92486331e-01 -9.42689657e-01  1.69593662e-01 -6.79360211e-01
  -5.48675172e-02 -3.71432781e-01  2.70563979e-02 -6.10539913e-01
  -4.43670571e-01 -2.53343374e-01 -6.04360402e-01 -1.04191458e+00
   3.56994629e-01  1.01500221e-01  5.15906572e-01 -2.42260620e-01
  -1.39764056e-01 -9.48271155e-02 -5.79650104e-02 -9.03704613e-02
  -5.24612844e-01  6.46357179e-01 -1.04053044e+00 -3.05305630e-01
  -5.67465127e-01  9.56957638e-01 -7.38944352e-01 -5.34900546e-01
  -7.03234792e-01  2.21090883e-01  1.29545414e+00 -1.82696849e-01
   9.05925870e-01 -5.68837583e-01 -4.78859097e-02  3.38405550e-01]
 [ 1.93358362e-01 -1.02166213e-01 -7.65802503e-01  7.95208871e-01
   2.79663146e-01 -4.37851340e-01 -2.85089523e-01 -1.63832629e+00
   3.67134243e-01  3.19351763e-01 -7.20226407e-01  6.65660322e-01
   5.09098649e-01 -8.27059269e-01  2.36016270e-02  7.85147786e-01
  -1.02317488e+00  7.91016638e-01 -7.79427588e-02  6.26066685e-01
   7.01082572e-02 -4.97362792e-01 -9.79659319e-01  6.24639094e-01
  -6.49808109e-01 -6.47792995e-01 -1.96769193e-01  2.87377119e-01
   7.12649405e-01 -6.47074103e-01 -2.00096458e-01 -6.90197706e-01
  -3.47764969e-01  8.26405361e-02 -6.08377904e-03 -2.68653154e-01
   7.13403463e-01 -7.32762575e-01  2.51591831e-01 -7.50784397e-01]
 [-3.86987589e-02 -1.41446427e-01  1.34347782e-01 -6.16604425e-02
  -1.30695269e-01 -3.11664566e-02  5.71136959e-02  3.19233090e-01
  -1.20939344e-01 -3.10676061e-02 -1.28988221e-01 -9.43528190e-02
   2.63753533e-03  1.37461558e-01 -8.48107114e-02 -7.17158318e-02
  -4.48652543e-03  2.80575119e-02 -1.60319209e-02  1.58641443e-01
   1.05769970e-01 -5.08075766e-02  6.60320371e-02  1.87630758e-01
   4.24769195e-03  4.80188336e-03  5.85060567e-02  2.90467087e-02
  -8.18008333e-02 -2.00911224e-01  2.30284303e-01 -3.35245095e-02
   1.83593959e-01  1.24103539e-01 -2.14170262e-01  3.63996741e-03
  -4.13076133e-02  1.65597305e-01  1.18224263e-01 -6.95186555e-02]]
A
[[-9.15749967e-02  9.31357369e-02  9.70478356e-02 -9.46461782e-02
  -1.07972305e-02  3.37054163e-01  7.74500221e-02  2.27951184e-02
  -1.92573518e-01 -7.77629241e-02  6.68850020e-02 -2.61969902e-02
  -7.85761103e-02  7.62209808e-03 -1.61164496e-02  2.14583168e-04
   7.19465539e-02 -1.29583534e-02  1.19701698e-01  1.84178844e-01]
 [ 4.16314512e-01 -2.17520762e-02 -5.80005310e-02 -1.28532901e-01
   2.17837114e-02 -1.77641898e-01 -6.56702518e-02 -3.09423525e-02
  -4.24102210e-02 -1.96595322e-02 -1.95186540e-01 -1.02277491e-02
   1.01176672e-01  1.43293515e-01  7.25653023e-02  9.99980606e-03
  -6.67563826e-02  1.10996343e-01  1.65798869e-02 -3.66881490e-02]
 [ 5.22704601e-01 -3.23227458e-02  3.46115814e-03  1.57052502e-01
  -7.14641586e-02  1.52999014e-01  1.61858331e-02 -2.73996089e-02
  -1.35399044e-01  4.85901497e-02 -4.27184641e-01 -6.12929575e-02
  -1.75337717e-01 -1.63856372e-01 -1.06325716e-01 -7.05421045e-02
  -4.96206991e-02  2.30444614e-02 -6.20394722e-02 -9.46694314e-02]
 [-5.84314764e-01  1.51301799e-02 -3.77107225e-02  3.47786397e-02
  -2.02603936e-02  2.15259433e-01 -1.50885675e-02 -5.06825969e-02
   9.43841338e-02  1.60911232e-01  1.66008085e-01  4.67300182e-03
   2.18648702e-01  2.25097537e-01 -1.09765582e-01 -2.72266790e-02
   2.92565245e-02  5.99817336e-02  1.53961346e-01 -5.61495386e-02]
 [ 6.95699930e-01 -2.88716462e-02 -1.86401438e-02 -1.62841037e-01
  -1.84295699e-03  4.33024131e-02 -5.51139191e-02  3.09720356e-02
   1.11764066e-01  1.11622429e-02 -2.13342026e-01  3.55552435e-02
  -6.77959740e-01 -2.28017181e-01  6.83392435e-02 -2.84175836e-02
  -2.72235386e-02 -1.13031846e-02 -2.46585291e-02 -2.85417773e-02]
 [ 1.32280111e-01 -4.54077534e-02 -7.63180777e-02 -1.03562832e-01
   3.76592646e-03 -3.90539080e-01 -7.01749176e-02 -4.60887253e-02
  -1.51775330e-01 -2.29725149e-02  5.00295997e-01  3.56595288e-03
   4.23868671e-02  1.09088361e-01 -1.09738119e-01 -1.16941534e-01
  -4.25164700e-02  1.57874435e-01  8.06094259e-02 -1.31528020e-01]
 [ 1.82326704e-01 -2.67940690e-03 -1.11592151e-01 -2.47837350e-01
  -1.27521306e-01  5.31520367e-01  7.40982592e-02  1.40687421e-01
   2.93064844e-02 -1.20899513e-01 -6.49147391e-01  7.04441173e-03
   6.60009608e-02 -1.46320328e-01  2.36855224e-01 -1.19488062e-02
   1.91692021e-02 -1.09291859e-01 -5.36318608e-02  1.07770199e-02]
 [-4.28607225e-01  5.10425530e-02  6.50229752e-02 -6.82986453e-02
  -1.51821122e-01 -5.15812449e-02  5.07363193e-02  1.96495224e-02
   5.97905330e-02 -4.41276729e-02  1.91525534e-01 -2.90633328e-02
   4.33928490e-01 -4.73959856e-02  1.32113382e-01  3.29329148e-02
   4.03103838e-03 -1.29366955e-02  7.45251924e-02  1.82240143e-01]
 [ 5.13629913e-01  5.83115481e-02  5.77721559e-02  1.46576330e-01
   2.07395390e-01  6.52874932e-02  1.49343805e-02 -5.81827648e-02
  -1.36206374e-01  8.36986154e-02 -3.54206473e-01 -3.43519030e-03
  -2.23124638e-01  1.30678535e-01  2.93438938e-02  6.11733831e-02
   2.75420528e-02  9.85750481e-02  7.28699565e-02 -1.84100553e-01]
 [-5.96783817e-01 -4.45081145e-02  1.38747677e-01 -2.36086056e-01
  -7.61033520e-02  1.03340313e-01 -4.62736934e-02 -1.42988199e-02
   2.58223027e-01 -1.10549048e-01 -7.08693964e-03  4.59067002e-02
   5.81181884e-01  1.22368455e-01 -1.01436777e-02 -4.43682373e-02
  -3.33779156e-02  9.57663879e-02  7.73491934e-02  6.21800609e-02]
 [-1.88830838e-01 -6.07296824e-02  5.41813336e-02 -8.76827836e-02
   7.65349269e-02  3.36249769e-01 -9.75431800e-02 -1.86234117e-01
   9.07443017e-02 -1.06564559e-01 -1.33871555e+00 -1.67144369e-02
   1.01111519e+00  1.84226893e-02  1.95216671e-01  8.59398171e-02
  -1.00107245e-01 -3.33243497e-02 -1.79982670e-02  3.43666077e-02]
 [ 3.53225350e-01 -1.43607252e-03 -3.16818170e-02 -2.02959403e-01
   4.65472601e-02  6.68215573e-01  9.42235719e-03 -1.85585450e-02
  -3.84558327e-02  8.49514157e-02 -5.64625859e-01  1.00481343e-02
  -5.09800196e-01  2.75590271e-01 -1.86052784e-01 -5.53214066e-02
  -2.30816174e-02  1.02457263e-01 -4.51019704e-02  1.00556351e-02]
 [ 2.99258679e-01  7.78425299e-03 -9.76132005e-02  1.90891653e-01
  -1.26855135e-01  3.15966427e-01 -2.43451372e-02 -1.33640707e-01
  -1.90900452e-02 -2.99204490e-03 -3.57496023e-01  3.96838551e-03
  -2.26306647e-01 -4.59271781e-02 -8.59554708e-02 -2.62259673e-02
  -1.27250627e-02 -4.45497185e-02 -1.28783166e-01 -4.14862558e-02]
 [ 4.31327909e-01 -3.05219796e-02 -1.31957084e-01 -1.67001143e-01
   1.30599633e-01 -4.95658785e-01 -4.55348231e-02  1.74522713e-01
  -1.52308857e-02 -4.74872813e-02 -3.42191197e-02  6.45056218e-02
   1.70105901e-02 -1.45747766e-01  8.75037536e-02  3.63427736e-02
  -3.02855670e-02  7.56017044e-02 -1.02500748e-02 -1.41303331e-01]
 [-1.39828678e-02  6.11173688e-03  2.29606494e-01  8.86160135e-02
   7.06879497e-02 -9.06540006e-02  6.53305128e-02 -4.82211411e-02
   1.59337789e-01 -6.69782311e-02 -4.30392683e-01 -3.06373350e-02
   5.98265827e-01 -2.11646244e-01  2.23349463e-02  1.19550325e-01
   7.21635371e-02  9.89070460e-02 -5.85944802e-02  5.55737913e-02]
 [-2.11801708e-01  9.05751064e-02 -6.89073205e-02 -1.29102081e-01
  -5.18154763e-02  1.65451020e-01  4.65869233e-02  5.24371164e-03
  -4.74665128e-02  4.51708026e-02 -1.52879134e-01  1.06385916e-01
   3.02077681e-01  7.78367147e-02 -3.74337137e-02  3.69924717e-02
   8.51928145e-02  1.90747902e-01  7.11399019e-02 -8.24158490e-02]
 [ 8.03805366e-02 -7.00952336e-02  1.46353632e-01 -2.45044958e-02
  -8.76569673e-02 -2.17111334e-01  1.29777053e-02  2.47122973e-01
  -3.63804735e-02  1.60298403e-02 -8.61775056e-02  4.48103575e-03
   2.13800982e-01 -3.61213386e-01  1.75759941e-01  1.26162963e-02
   2.41670338e-03 -1.13722332e-01 -1.48766590e-02  3.15349549e-02]
 [ 1.02413595e-01 -2.96697877e-02 -2.96000928e-01  1.65965348e-01
   2.28275806e-02  1.19434685e-01 -5.02983667e-02  3.78199778e-02
   4.82074320e-02 -6.03190027e-02 -1.99039299e-02 -3.88957164e-03
  -3.23402077e-01  1.13208421e-01  1.52774215e-01 -5.44651635e-02
  -8.86166543e-02  1.53920688e-02 -3.22822742e-02  2.02910334e-01]
 [ 5.42497337e-01  6.59545586e-02  4.07157168e-02  4.80986275e-02
  -1.61246136e-01  3.25248241e-01  6.78625032e-02  1.50296047e-01
  -1.23908095e-01  1.63618162e-01 -3.67884904e-01  4.90225293e-02
  -3.30314428e-01  2.08413661e-01  2.70320140e-02 -9.45101529e-02
   1.16788233e-02 -2.26193629e-02 -1.34087000e-02  9.76938009e-03]
 [-3.55799705e-01  2.82680430e-02 -5.40852435e-02  1.04937609e-02
   7.50371143e-02  2.55721863e-02  8.62912536e-02  1.94503099e-03
   2.89711356e-01 -9.03592631e-02  3.08027297e-01 -5.61905466e-02
  -5.34201115e-02  1.57778367e-01  1.15750499e-01  9.00534093e-02
   2.02676021e-02 -1.83124151e-02 -1.57236487e-01  1.53708771e-01]
 [-1.40041709e-01 -1.09966183e-02 -2.22065169e-02  8.51626620e-02
   7.95259103e-02  3.90141487e-01 -1.76248495e-02 -6.84207603e-02
  -1.22076713e-01  1.06960513e-01 -6.03875041e-01 -3.02790962e-02
  -9.01261996e-03 -8.28137323e-02  1.67015746e-01  2.40046550e-02
  -6.90991851e-03 -7.02912882e-02  3.92708555e-02 -3.22395623e-01]
 [-2.34766424e-01 -3.86885405e-02  5.15627153e-02 -2.98023168e-02
  -8.08648691e-02  9.04641673e-02 -4.39797491e-02  9.37878564e-02
  -1.46216946e-02 -5.98191805e-02 -3.51391494e-01  1.62641313e-02
   4.86801416e-01 -7.78250163e-03 -6.49011657e-02 -3.04460246e-02
  -2.81898603e-02 -3.00055761e-02 -1.84660759e-02 -1.17339052e-01]
 [ 6.61438704e-01 -4.60800901e-02 -4.56347838e-02  6.77501410e-02
   1.56734049e-01  1.97167997e-03 -3.83978151e-02  5.15470617e-02
  -9.48902592e-02 -1.42304916e-02  3.77625488e-02 -3.22627183e-03
  -4.21268851e-01 -4.04893570e-02 -3.50389570e-01 -6.78628460e-02
  -1.44122997e-02  1.95879005e-02  3.30435783e-02  9.92001370e-02]
 [-1.24200724e-01 -1.53937181e-02  1.62639663e-01  7.27461353e-02
   3.35105807e-02  1.75432116e-01 -3.42396423e-02  3.23203877e-02
  -1.71289712e-01  2.56234892e-02  1.53929234e-01  4.55019847e-02
  -4.76468712e-01  4.00919467e-02 -1.76908448e-01 -3.57667729e-02
   5.32337977e-03 -4.25027311e-02 -1.49624888e-02  1.06288813e-01]
 [-6.84653521e-01  2.75577828e-02 -9.60188285e-02  5.86187914e-02
  -1.09119117e-01  2.32118353e-01  1.86606366e-02  1.80868320e-02
   1.51628688e-01 -4.76632304e-02  5.29958367e-01  4.85744812e-02
   1.87716521e-02 -8.71980339e-02 -1.36116603e-02  3.21305916e-03
   2.05807108e-02  4.73111458e-02  1.55005723e-01 -5.96032813e-02]
 [-1.37789547e-01 -5.69984391e-02  9.80198905e-02 -4.53917272e-02
   7.82009363e-02 -2.47556493e-01 -3.97120677e-02  1.92595168e-03
  -1.35550573e-01 -2.27862105e-01  2.30622262e-01 -3.96685824e-02
   1.38791250e-02 -2.92346418e-01  2.93650478e-01  3.43434624e-02
  -5.76249659e-02 -1.16409607e-01  3.36009003e-02  1.33150980e-01]
 [ 5.59653044e-01  9.12875086e-02  6.21496700e-02  1.05899990e-01
  -1.43817723e-01  4.86829996e-01  7.00875893e-02 -5.22349253e-02
   8.39475319e-02 -5.60616627e-02 -2.41815880e-01  4.53260019e-02
  -6.07141137e-01  5.72469924e-03 -1.14489704e-01 -1.46441823e-02
   3.62049602e-02  1.17747508e-01  8.57109297e-03 -1.20454028e-01]
 [ 1.82001606e-01 -6.20489828e-02  1.95095893e-02 -1.03638291e-01
   9.20334831e-02 -4.22219634e-01 -9.19734687e-02  5.64438142e-02
  -3.28389704e-02  2.14670599e-02  6.19033873e-01  4.21227235e-03
  -4.82289225e-01 -1.27652451e-01  3.39936651e-02 -8.84232819e-02
  -4.77220304e-02  1.03320196e-01  7.58960620e-02 -1.52896345e-01]
 [-1.91249728e-01  4.59506325e-02 -3.42301242e-02 -6.78491145e-02
   1.72944665e-02 -4.68909033e-02  8.86907950e-02 -8.87395814e-02
   1.03514470e-01 -6.59576580e-02  3.56254935e-01 -3.41003910e-02
  -1.00655280e-01  1.53879181e-01 -3.98192704e-02  2.28078160e-02
   9.29803997e-02  1.14682503e-01  9.19503346e-03  9.29670483e-02]
 [ 1.57309324e-01 -7.26765245e-02 -3.55644524e-02  7.51829147e-02
   1.36703342e-01 -2.10061342e-01 -5.55890799e-02 -1.43938571e-01
   1.18345320e-02  1.83314495e-02 -1.60774961e-01 -8.28095302e-02
  -5.43581210e-02  1.09100789e-01 -3.28896970e-01  1.31883491e-02
  -4.97984886e-02 -1.03608608e-01 -6.13800511e-02 -9.69578251e-02]
 [-1.43090278e-01 -3.37175354e-02 -5.95222414e-02  7.41997585e-02
   9.04509127e-02  2.10457653e-01  5.18109882e-03  5.35593294e-02
  -1.12257591e-02  1.95547268e-02 -5.02806529e-02 -3.71456370e-02
  -1.30198985e-01 -2.63568878e-01 -4.44659963e-02 -4.82960083e-02
   1.43470699e-02 -1.38273528e-02 -2.56352685e-02 -1.83370247e-01]
 [-1.08023241e-01 -1.21065835e-02  1.54681146e-01 -7.10742399e-02
   5.59700839e-02 -5.82259102e-03  1.82080623e-02 -1.05866320e-01
  -1.60345837e-01  6.35189638e-02 -1.97652370e-01 -6.07132316e-02
   9.82278809e-02  7.79038370e-02 -2.46382348e-04 -1.18646473e-02
  -1.67149119e-02  1.09488159e-01  5.91731817e-02 -3.00992467e-02]
 [-5.63012600e-01  1.86903849e-02  1.47831187e-01  1.30710647e-01
  -1.31339477e-02  2.58215010e-01  1.30273076e-02 -1.70632392e-01
  -9.53012779e-02 -5.76267354e-02 -4.00027633e-01 -1.51303243e-02
   6.89332068e-01 -7.98901021e-02  8.58652517e-02  3.02695800e-02
  -2.34935749e-02 -2.22577062e-02 -7.93142766e-02 -1.14139197e-02]
 [-1.18973322e-01  1.56241562e-02  6.97074383e-02  3.29488479e-02
  -1.95638835e-01 -1.54979616e-01  1.92409977e-02 -7.51441345e-02
   8.01735669e-02  1.63642839e-01  2.24834383e-01  2.14932896e-02
   3.72872911e-02 -1.08672142e-01  6.66780025e-02 -1.43390223e-02
  -1.59293618e-02 -1.41572297e-01 -1.00321300e-01 -1.26045197e-01]
 [ 2.64467895e-01  6.15909100e-02  1.18404627e-01 -4.83134724e-02
   6.72539547e-02  1.16853155e-01  5.83694093e-02  4.38712686e-02
  -3.00574936e-02  5.90751059e-02  5.11774898e-01 -1.76305138e-02
  -7.83047497e-01  3.06690067e-01 -4.28374946e-01  4.82269153e-02
   8.56335759e-02 -1.26636997e-01  6.07730076e-02 -1.37256429e-01]
 [-3.99618298e-01 -2.32536029e-02 -1.36486292e-01 -2.08641097e-01
  -1.33042231e-01 -1.32459164e-01 -2.67801471e-02  5.87841794e-02
   6.50876609e-04 -1.54671269e-02  2.99805179e-02  3.48830759e-03
   3.14213961e-01 -8.99934024e-02  4.78535239e-03 -5.28884716e-02
  -2.37310510e-02 -1.77836679e-02 -2.18690690e-02  1.25417143e-01]
 [ 2.56353110e-01 -1.17908036e-02  7.29056820e-02 -1.62299514e-01
  -1.39157847e-02 -7.67000625e-03  5.04772505e-03  7.22872391e-02
   1.99707728e-02  7.13659301e-02 -3.74820619e-03  1.18069223e-03
  -2.14395318e-02 -6.90295324e-02  6.27737939e-02  2.74887178e-02
   2.24814676e-02 -1.52318120e-01 -8.97851214e-02 -3.52938138e-02]
 [ 3.72954816e-01  3.52931544e-02 -9.79776755e-02 -2.96474481e-03
   2.06228811e-02  2.56063119e-02  4.01808396e-02 -1.21349625e-01
  -1.08841315e-01 -8.40651616e-02  4.41247933e-02 -1.53257204e-02
  -2.05030352e-01  5.91948926e-02 -1.20777279e-01 -3.75848524e-02
   2.32841354e-02  6.96349964e-02  6.43499419e-02  4.47394848e-02]
 [ 6.87029600e-01  7.52428770e-02 -5.53115085e-02  1.27883777e-01
   1.00271523e-01 -2.31934115e-01  1.85291115e-02 -4.43073139e-02
  -1.37272794e-02 -2.20064670e-01  1.21400684e-01  5.15629761e-02
  -8.13475311e-01 -1.35806445e-02 -6.04047738e-02  8.72338042e-02
   1.95057318e-02  5.77551909e-02 -2.75754184e-02 -1.31881818e-01]
 [ 2.19803765e-01  4.95800413e-02 -1.22365139e-01  1.09552018e-01
   1.76454008e-01 -2.98250526e-01  5.36572039e-02  1.00514621e-01
   7.03739151e-02 -2.05145553e-02 -1.07997887e-01 -5.89331426e-02
  -5.86929508e-02  3.15784335e-01 -8.26520026e-02  2.05262396e-02
   3.74440588e-02 -3.78192030e-02  2.46609095e-02  2.89913844e-02]]
B
[[ 3.88061479e-02 -4.83767837e-02  2.54291925e-04 -3.13042067e-02
   4.36235145e-02  2.54683793e-01  4.90880869e-02  2.31593966e-01
  -1.26104176e-01  6.12383485e-02  9.56607684e-02  9.72784683e-02
   7.34328339e-03 -9.46606323e-02  1.57121971e-01  8.15468580e-02
  -2.48531654e-01 -6.75486624e-02  2.12259054e-01  1.25372499e-01]
 [ 1.10252731e-01 -1.54296057e-02 -6.78219423e-02 -1.50909051e-01
   5.76498210e-02 -6.73776194e-02 -2.58236565e-02 -7.96964169e-02
   9.64475870e-02 -4.93420325e-02 -2.95748021e-02  1.44599557e-01
   3.88451405e-02 -8.52698013e-02  3.95500697e-02 -7.63726458e-02
   7.24785868e-03  9.74685606e-03  7.33626112e-02  3.98924910e-02]
 [ 2.16562033e-01  1.23003021e-01 -1.35968253e-01  2.17057467e-01
  -1.38760060e-01  1.17573008e-01  5.64769581e-02 -8.83330181e-02
   8.70910063e-02 -8.65043327e-02 -3.73858482e-01  1.15737043e-01
   2.05241114e-01 -7.93965980e-02  6.90095946e-02  7.33817145e-02
  -3.02438741e-03  2.17115339e-02 -6.62723556e-02 -1.01463916e-02]
 [-3.53967637e-01  5.27032018e-02  1.26904389e-02 -3.03772446e-02
  -1.56471044e-01  4.69549149e-02 -2.19321400e-02 -2.12723836e-01
   7.01906383e-02  8.80609304e-02  1.40567914e-01  1.66237399e-01
  -5.01707830e-02  5.19470051e-02  7.36754313e-02  5.56672588e-02
  -3.92707214e-02 -1.10330284e-01 -1.40604256e-02 -2.74037030e-02]
 [ 3.19713205e-01 -6.04663789e-02 -3.58073339e-02  5.31122498e-02
  -1.16759539e-01  1.99687555e-01 -5.44210970e-02  2.25420594e-02
   8.76410827e-02 -1.20235868e-01  8.92226920e-02 -2.89064776e-02
  -3.90097708e-01 -2.31945679e-01  2.26320013e-01 -4.66388799e-02
   1.22976201e-02 -2.00362518e-01 -5.71417622e-02 -1.39352992e-01]
 [ 1.91644281e-02  4.92276065e-02  7.42870271e-02  5.41235767e-02
  -8.52596462e-02 -1.49666041e-01  3.98215279e-02  2.00714301e-02
  -1.35146126e-01  1.15815595e-01  1.07284188e-01  5.47259999e-03
   1.20008573e-01 -1.03566507e-02 -1.24909520e-01  7.97583237e-02
  -1.34605646e-01 -1.39247954e-01  2.19230223e-02 -1.68285891e-02]
 [ 4.87679318e-02 -1.49993077e-01 -2.83387695e-02  5.19814305e-02
   3.70347872e-02  2.88847357e-01 -1.30339846e-01  1.85250696e-02
  -5.81701174e-02  5.52918855e-03 -2.81279743e-01 -1.04274778e-02
  -3.35717462e-02 -2.39907745e-02  2.27779113e-02 -3.76160860e-01
   1.30771503e-01 -6.14139922e-02  1.21758483e-01 -1.19546510e-01]
 [-7.94683099e-02  1.03331199e-02 -7.94376731e-02  6.24514297e-02
   1.22391306e-01 -1.04979262e-01 -5.44467270e-02 -1.60820469e-01
  -4.83921580e-02 -1.13411970e-01 -2.73694664e-01 -7.37057477e-02
   4.80755121e-01 -1.86992198e-01  4.51397114e-02 -3.09754908e-02
   1.28880486e-01  8.02272037e-02  1.07861094e-01  3.05877980e-02]
 [ 1.82902843e-01 -1.15402117e-01  4.12783027e-02 -1.27750769e-01
   3.08834463e-02  6.99460059e-02  8.19177479e-02 -8.06800369e-03
   1.04286000e-01  1.08148055e-02  6.09733090e-02 -2.59744059e-02
  -1.52866572e-01 -2.95957215e-02 -4.49048653e-02  3.11977267e-02
  -1.29330801e-02 -5.14972098e-02 -7.80412257e-02 -6.34112507e-02]
 [-3.03205758e-01  2.65614521e-02 -7.81841278e-02 -7.82001689e-02
  -1.26760885e-01  2.10364416e-01  6.95141358e-03 -2.65765041e-02
  -5.02376407e-02  7.02770613e-03  9.59434807e-02 -2.11378172e-01
   2.34953433e-01 -2.63979379e-02 -6.75535575e-02  8.65360498e-02
   1.86273810e-02 -3.47040668e-02  8.57091174e-02 -1.05917953e-01]
 [-1.32082477e-01  1.67245954e-01 -7.81140774e-02 -4.78477404e-02
   6.66894764e-02  8.40624943e-02  1.24563038e-01 -7.11893961e-02
  -5.76255284e-02  1.32666722e-01 -6.73558414e-01  5.24900062e-03
   6.70716584e-01 -1.76320717e-01  3.60192470e-02  5.00924587e-02
   8.64136517e-02  3.97111289e-02  2.83455011e-02  1.69803482e-02]
 [ 1.57300547e-01 -1.02612074e-03  2.44824197e-02 -1.16382623e-02
   1.30759627e-02  2.75565028e-01 -7.21352920e-02  2.11656578e-02
   1.29390672e-01  7.63181746e-02 -1.57623902e-01 -4.66272293e-04
  -9.36859548e-02  6.17722832e-02  2.46931344e-01 -3.23695950e-02
  -1.46154642e-01  2.47963332e-02  1.41837299e-01  5.24821132e-03]
 [ 6.08425699e-02  1.51128843e-01  5.99848293e-03 -4.81655076e-02
  -2.92980224e-01  2.54346848e-01 -1.79378673e-01 -1.27154037e-01
  -1.22198146e-02  1.03134967e-01 -3.52928378e-02  3.77602912e-02
  -2.03858033e-01 -7.35411495e-02  7.30993375e-02  1.17672838e-01
   4.01948625e-03 -1.16977133e-02 -1.60684586e-02  2.87809819e-02]
 [ 4.78622094e-02 -4.00990136e-02  6.56670250e-04 -1.34541932e-02
   4.81555313e-02 -2.12018773e-01  1.28326997e-01  6.17221557e-02
  -7.29552284e-02  3.54944705e-03 -3.05444330e-01  1.61981747e-01
   1.99654236e-01  8.51639640e-03 -2.65888479e-02  1.74455151e-01
   3.92594701e-03  1.37900218e-01 -9.49134305e-02 -4.85622995e-02]
 [-1.67896196e-01  7.70188794e-02  1.20643198e-01  1.80096999e-02
  -2.29429394e-01  2.29989573e-01  9.80115011e-02 -7.34438524e-02
   6.74192607e-02 -1.06292680e-01 -1.26803979e-01 -1.92616303e-02
   2.03922123e-01  4.33708765e-02 -1.10513024e-01 -8.89421850e-02
  -9.34684202e-02 -2.08716188e-02 -3.68962474e-02 -1.91350318e-02]
 [-3.50928664e-01  1.64119020e-01 -1.26202419e-01  3.04901749e-02
   2.06810147e-01  3.63424599e-01  8.79214555e-02  1.67268306e-01
   8.39489177e-02 -1.41179468e-02 -1.65071487e-02  7.42983073e-02
  -2.15078890e-02 -1.07544772e-01 -4.56771292e-02  6.87041506e-03
   7.64357299e-02 -3.73040847e-02  8.48419592e-02  1.10754848e-01]
 [-5.44949658e-02  2.12504165e-04 -1.14313081e-01 -1.10742643e-01
   4.40981947e-02 -6.46251440e-02  3.64382528e-02 -1.59889430e-01
  -1.93992749e-01  2.76275594e-02 -2.89073557e-01 -1.04462527e-01
   1.70107514e-01  1.15575707e-02  1.15432180e-02 -4.70221937e-02
   8.35513100e-02 -2.94722505e-02 -7.07657263e-02 -4.47178558e-02]
 [ 6.23084418e-02  7.46144801e-02  8.76237527e-02  5.89443557e-02
  -6.03653155e-02  1.09744705e-01 -5.01443408e-02  4.00833562e-02
   8.69418457e-02 -5.72236963e-02  1.81400344e-01  4.96128164e-02
  -3.78116637e-01  1.98201358e-01 -9.15012211e-02  8.31756517e-02
   1.68019906e-01  1.96944103e-01 -7.23927319e-02 -1.05533339e-01]
 [ 2.38713101e-01  1.90783925e-02 -1.56075835e-01  9.02985483e-02
   1.50429532e-01 -6.20164862e-03 -2.01037914e-01  4.59379591e-02
   3.52786221e-02 -6.99777855e-03 -2.38074183e-01  3.31942551e-02
   6.50720149e-02 -5.25422879e-02 -1.61363110e-01  2.56742924e-01
  -3.51468101e-02  1.14690416e-01 -1.34088760e-02  4.06098850e-02]
 [ 3.77320610e-02 -4.71242666e-02 -2.79084779e-02 -9.36184153e-02
   9.21463445e-02  3.16418000e-02  3.07761673e-02 -1.78215191e-01
   4.02896926e-02 -1.19948015e-01  3.31721544e-01  7.54010007e-02
  -2.06113115e-01 -5.44843785e-02 -5.09118140e-02 -4.58990298e-02
  -2.33943444e-02 -1.32428840e-01 -2.73137446e-02 -1.11472188e-03]
 [ 3.91857186e-03 -3.61385494e-02 -1.58749148e-01  4.52900380e-02
  -1.80143476e-01  2.70243794e-01 -7.94914290e-02  3.94824594e-02
   1.54821267e-02  2.07978915e-02 -1.06730953e-01 -1.21881060e-01
  -1.08881846e-01 -6.62626848e-02 -5.73590957e-02  1.34487957e-01
  -1.17555954e-01  1.54235616e-01  7.94618111e-03  1.06239384e-02]
 [-2.13190615e-01 -9.54570994e-02  6.20471649e-02  1.47910208e-01
   7.64884874e-02  1.55376773e-02 -1.59006685e-01 -1.29866540e-01
  -2.20291726e-02  2.31940262e-02 -3.16250086e-01 -3.28909718e-02
   3.84415418e-01  6.96836365e-03 -9.83425155e-02  6.24301545e-02
   8.16989765e-02 -1.25046854e-03 -7.57339299e-02  2.82738935e-02]
 [ 2.59083867e-01 -1.38672918e-01 -2.15510681e-01 -7.46690109e-03
   4.23846543e-02 -2.71481514e-01 -1.67184100e-01  2.49672011e-01
   6.04725555e-02  5.78057617e-02 -2.99372137e-01 -1.25457142e-02
   1.88934132e-01 -6.83984011e-02  1.38166055e-01  9.55979005e-02
  -1.08083598e-01  2.82961912e-02  1.22222481e-02  9.32200700e-02]
 [ 3.91583741e-02 -8.40504840e-02 -9.97589454e-02 -9.19839591e-02
  -3.45219746e-02  2.02606246e-01  5.51574118e-02 -5.52136190e-02
  -2.68312395e-02  3.43751609e-02  3.22080374e-01  8.29383209e-02
  -2.59189874e-01  2.84239408e-02  7.00971559e-02 -1.07800558e-01
  -5.90901449e-02  1.83550175e-02 -5.69332801e-02  3.90502624e-02]
 [-2.36293852e-01 -9.73667949e-02  3.06364940e-03  1.67579889e-01
  -6.83265701e-02  1.05520442e-01  5.89117408e-02 -1.05112210e-01
  -2.62629781e-02 -1.06292684e-03  8.98845121e-02 -3.13175842e-02
  -8.43663290e-02  5.67758195e-02  7.01724691e-03  8.39614272e-02
   9.41791385e-03  1.50253907e-01 -2.53186524e-01  1.60996214e-01]
 [ 9.87347215e-02 -6.24358952e-02 -1.88425311e-03  1.72199890e-01
  -2.73136683e-02 -1.04664616e-01 -1.06695175e-01  1.31747484e-01
  -5.55888563e-03 -1.61298066e-01  9.43691656e-02 -1.07472710e-01
  -1.28205851e-01  6.39880225e-02 -6.81950822e-02 -8.90035555e-02
   2.11335439e-02  7.06505626e-02  1.00879474e-02 -1.96764156e-01]
 [ 2.18483642e-01 -5.15435636e-02 -1.61835119e-01  1.07467711e-01
  -8.62634629e-02  2.22553730e-01  1.43720865e-01  9.18480195e-03
   3.20477635e-02  8.02980885e-02 -2.81466335e-01  6.87431172e-02
  -1.24325186e-01 -4.44330983e-02  1.10680692e-01 -8.42309669e-02
  -1.53582427e-03 -3.13481353e-02 -8.86525139e-02  8.45054537e-02]
 [ 8.94106179e-03  2.83273589e-02  6.79921210e-02 -5.14844470e-02
  -7.85224661e-02 -6.97065666e-02 -6.52627721e-02 -6.11781850e-02
  -1.36227710e-02  5.81441773e-03  2.72617042e-01 -4.95684275e-04
  -4.37991947e-01  1.58998132e-01 -1.23740159e-01  2.62552593e-02
   3.00790817e-02  1.97063088e-02 -1.76755473e-01 -1.68991592e-02]
 [-3.01307179e-02  1.71881802e-02  8.69310796e-02  4.79237875e-03
   5.36142662e-02  6.38530552e-02  3.21533456e-02  1.33027181e-01
  -9.41670612e-02  9.58089754e-02  2.04272851e-01 -7.44943321e-02
  -6.51357248e-02  5.78758307e-02  1.02576338e-01  3.49642783e-02
   7.09895045e-02  2.97596492e-02  3.71080451e-02 -2.37252396e-02]
 [ 1.76141918e-01  5.61730564e-02 -5.34668677e-02  5.68913333e-02
   1.27178669e-01 -5.22490203e-01 -1.56376317e-01  8.88535157e-02
   8.65900517e-02  8.48877281e-02 -2.06187829e-01  6.08803891e-02
   3.44242096e-01  4.42317091e-02  3.59295867e-02  1.88725572e-02
   9.54100396e-03  6.42135218e-02 -1.96024761e-01 -9.46493223e-02]
 [-3.08430847e-02 -4.80108410e-02  5.17981909e-02  1.28370568e-01
  -2.15824917e-01  2.78502107e-01  5.46202920e-02  9.69501138e-02
  -1.03025943e-01  3.15269828e-02 -6.91947043e-02 -2.29688555e-01
  -6.06592000e-02  3.51026021e-02 -7.00495839e-02  3.02373413e-02
   7.52713606e-02  9.21816900e-02 -3.93916070e-02  9.33303237e-02]
 [ 1.21385835e-01  2.97288951e-02 -8.67263377e-02  1.22322969e-01
  -1.06861942e-01 -5.80975728e-04 -1.08348720e-01 -1.14072226e-01
  -3.92105430e-02  1.99596137e-02 -1.07573934e-01 -3.97498421e-02
   2.85451472e-01 -1.86323177e-03 -1.93361547e-02  1.11657847e-02
  -9.87886358e-03 -1.27126798e-01 -7.82261491e-02  7.55780190e-02]
 [-2.27376938e-01 -1.63565297e-02  9.01527107e-02  2.07707360e-01
   7.16367736e-02  1.83339685e-01  5.60639873e-02 -2.41809506e-02
  -4.51665744e-02  3.39216664e-02 -1.83100030e-01  1.82574987e-02
   1.98219612e-01 -5.86969517e-02  8.63507763e-02  1.50643266e-03
   2.24629626e-01  2.02526331e-01  3.38739865e-02 -1.21557489e-01]
 [ 5.56292292e-03 -1.09031452e-02  1.04903556e-01  7.72947073e-02
  -1.65959492e-01 -3.19654085e-02  5.15935123e-02  6.95124641e-02
  -1.21417508e-01  1.20192589e-02  1.04457512e-01 -8.46855994e-03
  -6.10970296e-02  6.33395165e-02 -7.57356882e-02 -7.63836727e-02
  -4.45104204e-02 -2.83566006e-02  1.30640596e-01  5.25924340e-02]
 [ 2.75748968e-01 -8.22543725e-02 -7.88840503e-02  1.38555929e-01
  -2.08894476e-01 -4.20600116e-01 -1.32947236e-01  1.40721479e-03
  -2.45752875e-02  2.21900791e-01  3.21423173e-01  2.39018872e-01
  -1.87799975e-01  1.52258938e-02  8.26917291e-02 -1.84928700e-01
  -4.71695848e-02  2.69597080e-02 -6.57671615e-02  8.10249243e-03]
 [-2.68888295e-01 -1.16524436e-01  3.71414833e-02 -5.11447154e-03
  -1.09990770e-02 -1.02114454e-02  3.86739001e-02 -8.59714821e-02
  -1.12216674e-01  6.72968850e-02 -2.01409906e-01  4.27787267e-02
   2.02113926e-01 -1.26976162e-01 -1.02257751e-01 -1.73843771e-01
   5.37061393e-02  2.50070989e-02  1.93243608e-01 -1.37224212e-01]
 [-3.15130614e-02 -1.07580125e-01  1.47012947e-02  1.00673176e-02
   5.83297946e-03 -5.83929829e-02 -1.36232272e-01  5.96534573e-02
   2.00232744e-01 -1.65275246e-01  1.51225448e-01  2.41924629e-01
  -3.02144527e-01  4.26035337e-02 -1.20032348e-01 -1.08649088e-02
   7.71465898e-02  2.65226156e-01 -1.41096920e-01  6.76198155e-02]
 [ 2.03553095e-01 -5.17150834e-02  3.93266268e-02 -2.12345626e-02
   1.32571254e-02 -1.02028839e-01 -6.62963763e-02 -5.25873760e-03
   2.78830584e-02  3.39133367e-02 -1.22454517e-01 -9.70396623e-02
   1.22307368e-01  3.53805684e-02  1.04617573e-01  7.05737174e-02
  -8.95942375e-02 -2.74055097e-02 -9.37966630e-02 -1.65955484e-01]
 [ 3.13151270e-01  2.26562601e-02  2.09850475e-01  1.35369942e-01
  -8.60424992e-03 -6.09419644e-02 -2.86682453e-02  1.17071737e-02
   5.11514880e-02  3.36863734e-02  1.84583351e-01 -7.43650123e-02
  -4.44270521e-01 -5.56237660e-02  1.59015894e-01 -7.29141757e-02
  -1.13727786e-01  2.36518551e-02 -3.33237499e-02  6.71873316e-02]
 [ 2.10128948e-01 -8.07534531e-03  4.71484400e-02 -1.34355590e-01
  -1.24937236e-01 -4.22642261e-01  1.14743523e-01  1.36897955e-02
   1.27886059e-02  2.27207644e-03 -2.61543065e-01  5.82704730e-02
   4.84532326e-01  1.67761728e-01 -5.61034270e-02  1.31538972e-01
   1.89094365e-01  2.64051445e-02 -9.58570614e-02 -4.37774584e-02]]
C
[[-1.72434300e-01 -6.36681449e-03  3.54038268e-01  3.17176133e-01
   6.28408268e-02  1.72130987e-01  2.04130039e-01 -2.64480591e-01
  -1.73369214e-01  8.56641680e-03  1.74174473e-01  1.27003893e-01
  -8.45174119e-02  2.66061872e-01  1.56967565e-01  3.18034627e-02
   2.66951919e-02 -8.17155764e-02 -2.23641153e-02 -1.20122932e-01]
 [-2.81347543e-01  1.96688801e-01 -9.29661840e-02 -1.99444398e-01
   6.02042794e-01  1.42198622e-01 -1.03531711e-01  7.28753328e-01
  -2.01399121e-02  1.25305086e-01  5.87028712e-02 -1.72417797e-02
   4.54679988e-02 -1.14672005e-01 -9.25723612e-01  6.06643688e-03
  -3.62514635e-03 -4.01248127e-01  9.22336802e-02  1.07832504e-02]
 [-3.62283327e-02 -7.73214027e-02 -9.70247760e-02 -1.50981039e-01
   5.28558433e-01 -2.80556716e-02 -7.35809132e-02  3.54867727e-02
  -2.54266888e-01 -1.29228100e-01  2.06144229e-01  7.18183815e-02
  -1.26857504e-01  3.79763901e-01  2.79690057e-01  3.75109054e-02
   1.62602533e-02 -5.76094270e-01 -6.92400575e-01  6.74762130e-02]
 [ 3.92546624e-01  8.69975016e-02  4.99108553e-01  2.85009652e-01
   1.19731143e-01  5.98726235e-02  3.75615731e-02 -5.55110537e-02
   2.09093809e-01  2.84873452e-02  3.00786883e-01  1.18292689e-01
   1.71691403e-01 -3.21944743e-01  3.77683252e-01 -2.68858839e-02
   1.83657948e-02 -5.22137471e-02  3.51927489e-01 -1.88389838e-01]
 [ 1.00986809e-01  1.71354502e-01  3.04065121e-04  1.96406633e-01
   5.03363088e-02  1.50311098e-01 -4.30336297e-02 -1.21431788e-02
   3.07986718e-02 -4.95973006e-02 -2.62814909e-01  3.56274471e-02
   3.05200189e-01  9.67807055e-01 -1.04036820e+00 -1.77611351e-01
   1.40770435e-01 -1.15856603e-02 -1.15634158e-01  1.85235515e-01]
 [-1.46177158e-01  3.87174799e-03 -2.66311858e-02 -1.06887490e-01
   6.55031741e-01 -1.27530396e-01 -8.70344713e-02  5.60176849e-01
   3.72119658e-02  1.25141367e-02  2.44939417e-01  1.10362314e-01
  -1.04729787e-01  1.08705185e-01  1.30854487e-01 -1.70385614e-01
  -2.26120893e-02 -1.00219727e+00 -2.95164168e-01  3.88135724e-02]
 [-2.35726342e-01 -1.82560965e-01 -2.66839325e-01 -2.13068753e-01
   4.63088155e-01  1.40333608e-01 -2.34235413e-02 -8.49142790e-01
   5.04943430e-02 -1.79631785e-02 -1.96947739e-01  8.65010023e-02
   8.03309605e-02  7.04221949e-02 -5.99511087e-01 -3.07295248e-02
  -1.16418608e-01  5.09844065e-01 -1.65026531e-01  6.28691912e-02]
 [-3.45675707e-01 -5.90633638e-02 -6.34092748e-01 -6.54112995e-01
   1.18395269e+00  9.60900486e-02 -9.79163647e-02 -1.60330951e-01
  -3.41822691e-02 -1.32714421e-01  3.65631282e-01 -8.09862986e-02
  -6.26035035e-01 -1.23718269e-01 -7.46045336e-02 -1.49990618e-01
  -1.02994842e-02 -2.95980334e-01 -1.10631394e+00  1.07823193e-01]
 [-4.24709544e-02 -7.77573064e-02  1.83205247e-01  3.49753648e-02
  -5.19633174e-01  1.96110114e-01 -5.52158542e-02  8.27897370e-01
  -9.64324083e-03  4.96731028e-02 -6.25678897e-02 -1.55732691e-01
   2.56833822e-01  2.72338212e-01 -5.59426486e-01 -4.79307119e-03
  -5.35483807e-02 -3.67681831e-01  2.45872885e-01  3.98335531e-02]
 [ 2.17008278e-01 -8.33054930e-02  1.52476341e-01  5.79625294e-02
   1.97947860e-01 -8.76795053e-02 -6.41255379e-02 -3.38510245e-01
   5.89656010e-02  6.02975674e-02  5.85412644e-02  1.22325227e-01
   4.32996601e-02 -3.11897337e-01  4.53535467e-01  5.94227621e-03
  -1.12659767e-01 -2.90006161e-01  2.15919390e-01  5.06877601e-02]
 [-1.85634077e-01  2.32076328e-02  1.32256672e-01  1.12490602e-01
  -3.58910233e-01 -2.11474970e-02  1.18558757e-01  1.36046875e+00
  -4.87704352e-02 -6.35443181e-02  2.23636836e-01  5.42921983e-02
  -3.52562666e-01 -4.61455584e-01  5.81099205e-02 -1.81327492e-01
  -4.16082814e-02  1.26317993e-01 -4.07498956e-01 -1.05889335e-01]
 [ 2.65556395e-01  1.05951056e-01 -1.53274655e-01 -2.08260983e-01
  -4.70683247e-01 -3.60204905e-01 -3.63471024e-02  3.16288322e-01
   6.00969270e-02 -5.27747758e-02  1.50382910e-02 -2.46919356e-02
  -6.21054806e-02 -1.08988571e+00  8.38516712e-01  8.83169658e-03
  -2.98681688e-02 -4.16653335e-01  7.37060070e-01  3.68405861e-04]
 [ 1.67234950e-02  1.25850812e-01  4.58513238e-02  7.24320486e-02
   2.54928857e-01 -1.13996997e-01  4.72147353e-02  4.36176777e-01
   8.12200073e-04 -8.40684772e-02  7.14739226e-03 -1.91769868e-01
   1.88345000e-01  9.27337930e-02 -4.77198601e-01  1.53501257e-02
   8.21771286e-03 -4.34247702e-01  3.72758508e-01  1.38078379e-02]
 [ 2.29057729e-01 -3.89721580e-02 -3.07500899e-01 -2.25935727e-01
  -2.01709390e-01 -3.83093357e-02 -1.56827606e-02 -7.32226610e-01
  -6.56525120e-02  8.89308378e-02  1.23402312e-01  5.15478440e-02
  -3.18246484e-01  4.10960555e-01  9.11083877e-01  5.20317741e-02
   2.18329400e-01 -2.67709106e-01 -4.04617608e-01 -4.29385602e-02]
 [ 2.70074815e-01 -1.11500986e-01 -8.75281990e-02  1.50264595e-02
  -6.95034981e-01 -1.61035657e-01  1.20347977e-01 -2.17090696e-02
  -2.31724188e-01  2.75804494e-02  2.28040330e-02  1.86037138e-01
   1.15501702e-01  6.60941780e-01  5.30386567e-01 -5.79260066e-02
  -3.66482930e-03 -6.27582073e-01  1.97002009e-01  1.42710194e-01]
 [ 4.45155501e-01  1.88371271e-01  8.57121199e-02  7.92757571e-02
   2.58764196e-02 -3.65909785e-01  1.69912234e-01 -4.08227950e-01
   4.59908657e-02 -1.86506152e-01  7.68253505e-02  2.67241478e-01
   2.72035748e-01 -8.40963796e-03  9.68741715e-01 -9.82268620e-03
   1.04081139e-01 -1.02597070e+00  6.07221603e-01  2.59377602e-02]
 [-1.45440446e-02 -1.61609054e-02 -1.39663056e-01 -1.25330836e-01
   3.31479937e-01  1.39269605e-01 -2.07141817e-01 -1.66128421e+00
  -1.20863682e-02  1.24641113e-01  7.57306069e-03 -1.57056332e-01
  -3.47337961e-01  8.32892179e-01  2.47537106e-01 -1.76856611e-02
   1.50989860e-01  5.47877192e-01 -7.10584760e-01 -3.72063965e-02]
 [ 2.40825601e-02  1.02255093e-02 -4.13855836e-02 -2.85010457e-01
   8.18818361e-02 -1.18309453e-01 -4.37389724e-02  1.24050546e-02
   7.97679126e-02 -1.11292917e-02 -4.45819557e-01  6.11041598e-02
   3.81704211e-01 -3.46128374e-01 -8.78261864e-01  6.34821653e-02
  -2.26222068e-01  2.86857873e-01  6.42258883e-01  2.06348859e-02]
 [-9.60360691e-02  7.80800283e-02  3.35970640e-01  3.96480709e-02
   1.57143450e+00  2.85088509e-01  9.43574831e-02 -4.67360526e-01
   6.24030605e-02  8.06514099e-02  5.45759760e-02 -3.68059240e-02
  -3.18852335e-01 -6.14966512e-01 -5.71591675e-01 -1.10288322e-01
   3.75476805e-03  4.36123341e-01 -1.94328532e-01  8.92846063e-02]
 [-1.62922338e-01  9.07523111e-02 -6.07342124e-01 -6.29924059e-01
  -9.79114830e-01 -4.02117938e-01 -2.11319357e-01  5.22053465e-02
  -6.51930198e-02 -1.44229248e-01 -3.50858569e-01 -7.62022138e-02
   1.15878142e-01 -1.26088846e+00 -4.64122385e-01 -3.06363609e-02
   4.93536182e-02  1.69593051e-01  9.90212739e-01 -2.21258085e-02]
 [-8.89388546e-02 -7.27178603e-02 -1.52595818e-01 -2.51783162e-01
  -7.95890749e-01 -6.00551721e-03 -9.86075476e-02  6.92274451e-01
  -4.84008603e-02 -1.22594297e-01 -1.24183275e-01 -1.55593380e-01
   8.54074284e-02  1.81708053e-01 -3.45523477e-01  2.27448083e-02
  -5.83378486e-02  7.01135099e-02  2.13877082e-01 -2.58874353e-02]
 [ 1.45146310e-01  3.53875086e-02  2.17113309e-02 -4.35372675e-03
   1.00485399e-01 -3.00456746e-03  2.03483030e-02 -8.26807499e-01
   1.62878633e-01  4.92677800e-02  2.50952214e-01 -6.11603085e-04
  -4.43652481e-01 -1.69650629e-01  9.61069226e-01  4.32574637e-02
   2.82790337e-04 -4.79539065e-03 -2.24688143e-01  5.28246723e-02]
 [-2.12476449e-03  8.59192908e-02  3.89568210e-02  9.18242410e-02
  -7.78887272e-01 -2.12635249e-02 -2.89109200e-02 -1.68410391e-02
   2.04531506e-01 -5.67474850e-02  3.29990864e-01  5.53856865e-02
  -3.07748884e-01  2.60154605e-01  1.78857291e+00 -1.15903005e-01
  -7.75237083e-02 -1.03970371e-01 -6.91272020e-01  1.02691865e-02]
 [ 2.99758762e-01 -1.26629129e-01 -2.72315979e-01 -1.80941314e-01
  -9.76992309e-01 -4.88213181e-01 -2.33319372e-01 -6.92337692e-01
  -2.30069943e-02  1.62482068e-01 -3.39848965e-01 -6.83542155e-03
   9.56020430e-02 -2.67926902e-01  7.24727929e-01 -8.42791349e-02
  -3.41566503e-02  1.80094406e-01  5.67987442e-01 -8.59538242e-02]
 [-1.12503968e-01 -2.40759528e-03 -2.38604188e-01 -2.00284123e-01
   4.06258442e-02  8.88262838e-02 -9.85429361e-02 -4.49882478e-01
   4.44331914e-02 -6.89732954e-02  1.53566375e-01 -3.50916423e-02
  -2.25130513e-01  5.06046712e-01  1.95308089e-01 -1.83154523e-01
   7.02072084e-02 -2.78876215e-01 -6.94264710e-01  5.81350811e-02]
 [-4.55023468e-01 -1.78522661e-01 -4.15375782e-03 -1.57504171e-01
  -2.13322282e-01  3.73095542e-01 -1.26160756e-01  2.10879728e-01
  -8.71309042e-02 -2.66837310e-02 -1.77200541e-01 -6.13527969e-02
   1.33494541e-01  1.01239443e+00 -1.15969551e+00  1.13166049e-01
   2.37147182e-01  6.61010861e-01 -6.09415174e-01  5.93065098e-02]
 [-9.95315537e-02 -4.55609011e-03 -3.89542431e-02 -1.80291414e-01
   9.21738863e-01  7.14294687e-02  6.16838038e-02  3.97648811e-01
  -6.23274632e-02 -9.17273909e-02  4.95245792e-02 -9.26041976e-02
  -9.24150869e-02 -7.29108974e-02  1.81280524e-01  1.27463797e-02
  -7.26549402e-02 -9.85447884e-01 -1.61637232e-01 -7.64512047e-02]
 [ 4.75995764e-02  2.46952400e-01 -3.13259251e-02  1.07403710e-01
  -1.43332824e-01 -1.11378796e-01 -1.05316035e-01 -9.24337506e-02
  -2.08044276e-01 -8.54368806e-02 -1.84688345e-01  9.11821052e-02
   3.49691749e-01  9.54742849e-01 -3.17778975e-01  8.47312994e-03
   1.61229223e-01 -5.34503460e-01 -3.82624082e-02 -1.79972630e-02]
 [ 2.16851398e-01  2.12267507e-02  3.59947719e-02  4.62234728e-02
  -3.12657952e-02 -1.37529954e-01  2.55320787e-01  5.46675861e-01
   6.17487095e-02 -9.19061154e-03  1.46630213e-01  2.31610179e-01
   9.70009342e-02 -6.55175507e-01  1.91029355e-01 -6.84522316e-02
  -1.42534673e-01 -6.98757112e-01  5.62948942e-01  2.51480192e-02]
 [ 2.14500241e-02  4.36168276e-02  2.34808266e-01  3.46327692e-01
  -7.79526293e-01  3.63344550e-01  2.08749533e-01  9.73744869e-01
   6.43997416e-02  6.23468831e-02  3.88601661e-01 -1.48767754e-02
  -2.31829435e-01 -4.80179816e-01  7.03456581e-01  5.59781268e-02
   7.95754232e-03  6.62349224e-01 -5.53886056e-01  6.30462989e-02]
 [ 4.01239693e-01 -2.39597932e-01 -2.98420608e-01 -3.68083715e-01
  -1.34390068e+00 -4.88143593e-01 -7.21889213e-02 -4.29363579e-01
  -2.80493684e-02 -1.53869614e-01 -1.29082486e-01  2.28883699e-01
  -5.06610386e-02  4.72461671e-01  1.24497175e+00 -2.05086961e-01
   6.03239760e-02 -4.10781354e-01 -1.34314477e-01  2.40566786e-02]
 [-2.60675997e-01  2.39357874e-02 -2.57523715e-01 -1.76575974e-01
   1.16063364e-01 -7.54706934e-02 -6.23972043e-02  9.34063852e-01
   3.90801616e-02  3.05255000e-02  3.29589248e-01  8.41500610e-02
  -2.73942918e-01 -2.71266699e-01 -2.77798384e-01 -1.57840118e-01
   8.14421661e-03 -4.31839287e-01 -4.70147222e-01  3.29028785e-01]
 [-2.93002188e-01 -1.39445037e-01 -3.28335524e-01 -2.24852294e-01
  -7.14714408e-01 -1.38395429e-01 -1.17122613e-01  8.08696210e-01
  -1.17284469e-01  1.21621124e-01 -3.78652252e-02  1.16407447e-01
  -2.57681966e-01 -1.73565209e-01  6.87581450e-02 -2.02263333e-02
  -1.83425099e-02 -3.75071526e-01 -7.65277026e-03  2.88225450e-02]
 [-1.26464471e-01  5.66248447e-02 -1.22439578e-01 -6.13802746e-02
   6.55851960e-01  8.88696238e-02 -1.22716732e-01 -1.64984435e-01
  -2.33371984e-02  7.06827044e-02  1.38755087e-02  8.74055829e-03
  -8.42101872e-02 -1.13622390e-01 -7.51254141e-01 -3.49957347e-02
   5.63303242e-04  2.77781188e-01  1.05729431e-01 -7.23482966e-02]
 [-3.91746033e-03 -8.69202688e-02  1.84426159e-01  1.32395953e-01
  -4.15959209e-01  2.81972438e-02  8.46708566e-02 -2.43014812e-01
   5.49809001e-02  1.16152562e-01  1.08983845e-01 -8.47880691e-02
  -2.65528858e-02 -4.05355126e-01  2.22921282e-01  1.02226526e-01
   7.15796128e-02  1.24429369e+00 -1.21528111e-01  8.95790160e-02]
 [ 2.48919070e-01  9.02507454e-03  1.70284674e-01  1.02746882e-01
   6.29676938e-01  8.92494433e-03  4.77784835e-02 -6.38332844e-01
  -6.48852810e-02 -2.11268649e-01  3.97474945e-01  8.30056667e-02
  -4.56238501e-02  1.37700543e-01  6.70687318e-01  3.66424024e-02
  -7.11163878e-02 -1.61760971e-01 -3.14042866e-01  7.74335936e-02]
 [ 1.25367910e-01 -5.95071949e-02 -3.31867076e-02  6.12786552e-03
  -1.36215553e-01  1.91082619e-02  3.19622867e-02 -8.04482162e-01
   5.51547483e-02  1.44674718e-01 -2.29809955e-01 -2.57021990e-02
   2.38846555e-01  1.96411207e-01 -6.98198795e-01  6.11859038e-02
   2.52848230e-02  9.11567748e-01  7.43493736e-01 -2.21124403e-02]
 [-2.02536166e-01 -3.80711444e-02 -1.32254735e-01 -1.61424384e-01
   3.69930863e-01 -1.15764521e-01 -2.04416946e-01  8.10533285e-01
   3.90507877e-02 -4.70177755e-02  3.64808977e-01  5.04970066e-02
   2.45310599e-03 -9.28212702e-02 -1.67060450e-01  4.35105637e-02
  -7.93674663e-02 -6.38689876e-01 -7.02964842e-01  3.25693563e-02]
 [-1.56775907e-01  2.78801303e-02  3.57778184e-02  1.44454306e-02
  -2.78699100e-01 -2.01625396e-02 -5.02533875e-02  5.93076766e-01
  -7.20083201e-03  7.29589090e-02 -2.41251379e-01  4.11623530e-03
   2.06867591e-01  5.17140269e-01 -6.31181657e-01  1.10867657e-02
   8.17582458e-02 -2.31578901e-01  4.81947064e-02  1.30280003e-01]
 [ 6.74722195e-02  2.40751937e-01 -1.16099767e-01 -6.11183867e-02
  -1.57289580e-01 -1.67921588e-01  6.58964217e-02  1.38891786e-01
  -2.44128164e-02 -8.48589987e-02  4.37560499e-01 -8.43048394e-02
  -3.95992070e-01 -1.24447107e+00  1.00671303e+00 -1.68383598e-01
  -4.72839698e-02  3.59750837e-01 -3.80782127e-01 -1.01023339e-01]]
