[Constant]
test: 1, stddev: 0.1, learning_rate: 0.000625, WORD: 20, MEMORY: 40
W
[[ 4.76891324e-02  1.25272289e-01  4.30966802e-02  2.60707200e-01
   3.57227623e-02 -2.51445472e-01 -5.62771112e-02 -7.30914250e-02
  -8.74896720e-02 -1.36852562e-01  1.97314516e-01 -3.09622996e-02
  -1.32485241e-01  5.47962524e-02 -8.78572315e-02  2.15635583e-01
  -3.23254503e-02  3.82678844e-02  4.73540798e-02  2.25047201e-01
   2.21866772e-01  1.02481328e-01 -1.93053201e-01  2.42240424e-03
   7.06102550e-02 -8.66258238e-03  6.41306117e-02 -1.31063357e-01
   9.63940471e-02  1.77750260e-01  2.91792274e-01  2.19602063e-01
   1.10169062e-02 -1.03741832e-01 -1.03379779e-01 -9.28071141e-02
   2.61339575e-01  1.97656572e-01 -8.71730819e-02  8.06279859e-05]
 [ 5.42653203e-02  4.99366224e-02  2.22957268e-01  2.04912275e-01
  -1.28865421e-01 -2.44046152e-01 -2.70248801e-02  5.67163490e-02
  -5.58233447e-02  2.05725245e-02 -4.82714511e-02  4.13653478e-02
  -1.95631891e-01  2.51621664e-01 -1.23661384e-01  6.66212738e-02
  -1.72659792e-02 -9.77180451e-02  1.05596878e-01  1.80786833e-01
   1.51557565e-01 -8.57013837e-02 -2.67114073e-01  1.68792590e-01
   6.20425753e-02  4.40528765e-02  2.08890036e-01 -1.39926836e-01
  -2.46519502e-03  9.23222750e-02  3.27501327e-01 -1.41326233e-03
  -4.54092078e-05 -2.08528377e-02 -3.16019863e-01 -3.11516523e-02
   8.20922926e-02  3.21047232e-02  2.50680566e-01  1.59911498e-01]
 [-1.27187133e-01  1.71811596e-01  1.37260810e-01  1.98523507e-01
   8.32232311e-02 -1.14748754e-01  7.22809434e-02  6.17511058e-03
  -8.33365843e-02 -4.88036275e-02 -7.27580041e-02  2.45176733e-01
  -2.62463003e-01  7.40010142e-02 -6.17263392e-02  2.86418766e-01
  -9.73014459e-02 -4.81883958e-02  1.15558222e-01  3.09366100e-02
   2.07459584e-01 -1.92360505e-02 -2.03340262e-01  6.78899288e-02
   3.75275537e-02  1.07387677e-01  1.27938241e-01 -1.80760294e-01
   3.11612368e-01  2.07372069e-01  2.18642995e-01  2.00281292e-01
   4.15067561e-02  3.49403918e-02 -1.99933067e-01 -4.61690314e-02
   1.58351526e-01  3.00643723e-02 -1.47092983e-01 -3.40651385e-02]
 [ 2.29384944e-01  7.11121485e-02 -2.11056396e-01  3.69327188e-01
   1.43732876e-02 -2.79596686e-01 -1.93391610e-02  1.64693147e-01
   2.34828866e-03 -8.00623074e-02  1.97583869e-01  1.05894618e-01
  -8.35668519e-02  9.36720744e-02 -5.74874971e-03  1.48816600e-01
  -1.67297840e-01  3.52400169e-02  3.78054567e-02 -4.07128073e-02
   1.41016215e-01 -1.20007530e-01 -5.73288016e-02  1.54617010e-02
   5.16741760e-02 -1.06906459e-01  1.20358646e-01 -6.37049749e-02
   4.37596776e-02  1.31347448e-01  3.01010221e-01  4.61524120e-03
   1.21611375e-02 -1.22556068e-01 -1.46740362e-01 -4.70960699e-02
   2.36490086e-01  7.36223627e-03  3.26218344e-02  4.80448641e-02]
 [ 1.50905192e-01 -6.79720283e-01  5.07611558e-02  5.28465621e-02
  -1.69053197e+00  3.88290197e-01  3.27799559e-01  2.94620484e-01
  -7.24834383e-01 -4.85392995e-02 -7.76622653e-01  9.15170491e-01
   6.13895953e-01 -8.67483139e-01  5.13825119e-01 -1.00418913e+00
   1.62421599e-01 -3.86713177e-01 -1.11974823e+00  9.75728855e-02
   2.19344437e-01 -8.48710716e-01  6.95782185e-01 -1.29374969e+00
   4.84076053e-01 -1.70337960e-01  9.80943680e-01 -3.91586334e-01
  -9.35870469e-01 -1.55562067e+00 -5.92618883e-01 -1.31112173e-01
   3.30180258e-01 -1.60918087e-02  6.75663054e-01  2.37524405e-01
   3.94176245e-01  5.24383545e-01  8.53492558e-01 -1.46638500e-02]
 [ 2.40254313e-01  7.38866180e-02  1.62181452e-01  2.51753241e-01
   1.55369565e-01 -2.21434191e-01 -1.98181972e-01  1.20519854e-01
  -6.49347156e-02  8.22382048e-02  7.53096864e-03  1.44311726e-01
  -8.94248486e-02  9.65819955e-02 -1.36332691e-01  1.29618332e-01
  -1.03489026e-01  3.45112048e-02 -3.72238900e-03 -2.47134771e-02
   1.64069444e-01 -3.57829258e-02  6.87469617e-02 -7.39287734e-02
   1.37201756e-01 -3.36847305e-02 -3.44490081e-01 -7.28400648e-02
   7.07235932e-02  1.69502631e-01  2.62114376e-01 -2.00317372e-02
   3.90264429e-02 -3.51118259e-02 -1.34067610e-01 -2.80562729e-01
   7.64968097e-02  1.30114779e-01 -3.59278619e-02 -9.10583809e-02]
 [ 2.32264269e-02  1.31582618e-01 -1.45113096e-02  2.83205599e-01
  -5.84372841e-02 -2.73672491e-01 -1.06598698e-01  2.60459989e-01
   1.27081469e-01 -8.16125497e-02 -2.75422484e-02 -3.88904288e-02
  -2.09342733e-01  6.67115599e-02 -1.69511378e-01  1.36567175e-01
  -8.14408660e-02  8.14986601e-02  5.05357161e-02  2.51930565e-01
   1.94751531e-01 -2.41025928e-02 -6.45983964e-03 -8.54258910e-02
  -6.94057764e-03 -3.70216742e-02  1.08360134e-01 -4.28181328e-02
   1.26752287e-01  1.42535791e-01  2.20339671e-01  1.09883368e-01
   8.47242549e-02 -8.08886737e-02 -2.06605747e-01 -1.81642652e-01
   1.03924356e-01 -1.22854717e-01  9.96756405e-02 -1.30774856e-01]
 [ 2.53877401e-01 -2.27807671e-01  5.43294959e-02 -6.37871087e-01
   4.14600939e-01  9.30346012e-01  1.31327283e+00 -7.22427607e-01
  -8.68157268e-01  5.35105495e-03  7.51333058e-01  1.18006349e+00
   5.24052441e-01  1.39370516e-01  5.03557622e-01  4.02337670e-01
   6.41143322e-01 -6.65686488e-01 -4.14277524e-01 -8.49419892e-01
  -6.48145318e-01 -2.33773794e-02  1.90619871e-01 -7.53390491e-01
  -2.13675722e-01 -3.89893681e-01 -3.06515127e-01  1.17236646e-02
  -7.75767937e-02 -7.68577084e-02 -1.07164550e+00  1.81111202e-01
   2.35490844e-01 -5.75742602e-01  1.50307059e+00  3.78302671e-02
  -6.80049837e-01 -3.92362863e-01  5.77764474e-02  1.23095386e-01]
 [ 5.37514538e-02  8.67863894e-02  3.69606540e-02  3.16842854e-01
   1.35773152e-01 -1.05612367e-01  3.26678716e-02  2.93920726e-01
   5.70694022e-02  1.96270477e-02  2.32778475e-01 -6.31533712e-02
  -1.37666883e-02  1.30540833e-01 -2.09923863e-01 -8.61835573e-03
  -8.69645029e-02  9.65853184e-02 -7.13178739e-02  2.56404337e-02
   2.25502595e-01 -7.96096325e-02 -1.45921692e-01 -1.81941494e-01
   9.47541967e-02  1.97727650e-01  3.04853916e-03 -1.41829178e-01
   1.35005757e-01  1.85876951e-01  2.17739686e-01  1.16587192e-01
  -1.43121853e-01  3.74700576e-02 -3.16418052e-01 -7.60783721e-03
   8.08956623e-02 -2.42446750e-01  1.40926307e-02 -1.02506824e-01]
 [ 1.85369805e-01 -6.03214055e-02  6.73118979e-02  2.33395919e-01
   1.84539869e-01 -2.23336533e-01 -7.85365105e-02  3.42364877e-01
  -9.91030484e-02 -9.16233566e-03  6.72375970e-03  1.67629376e-01
  -1.48018211e-01  8.82709771e-02 -2.91992933e-01  7.86562711e-02
  -1.29686281e-01 -1.25588775e-01 -8.31861347e-02 -1.13160133e-01
   1.35019302e-01 -1.00558020e-01 -1.26291081e-01 -5.78918168e-03
   1.33174226e-01  8.64067972e-02  4.75489832e-02  2.82517564e-03
  -8.47617388e-02  9.45097283e-02  3.20743442e-01  2.02959433e-01
   1.32230997e-01 -8.83516520e-02 -1.53885171e-01  2.83573586e-02
   2.46161312e-01  1.31564345e-02 -1.32672712e-01  1.09693907e-01]
 [ 1.44799992e-01  1.28943712e-01  1.68604944e-02  3.37257981e-01
   8.37767031e-03 -7.19347075e-02 -1.21975407e-01  1.84551269e-01
   2.51095723e-02  3.68350111e-02  9.37763453e-02  4.19871286e-02
  -8.38932991e-02  6.30005309e-03 -1.14363834e-01  1.58494204e-01
  -8.40181783e-02  1.37514472e-01 -1.89520985e-01 -2.72051960e-01
   9.62897316e-02 -2.28706032e-01  2.20964495e-02  8.84518623e-02
   1.04795210e-01  1.09389238e-01 -1.35570958e-01 -2.29575500e-01
   1.90522522e-01  7.99175799e-02  3.79289746e-01  9.39903632e-02
  -1.45937979e-01 -6.76718205e-02 -1.07999355e-01 -2.44638681e-01
   3.29468474e-02  3.73501070e-02  3.89568857e-03  3.45587246e-02]
 [ 1.78738579e-01  1.67856589e-01 -1.89304724e-02  1.40822023e-01
  -6.44491613e-02 -1.81899816e-01 -1.62514336e-02  2.50135571e-01
  -7.08559379e-02 -8.37082863e-02  1.97820529e-01  8.23613554e-02
  -1.02786466e-01  1.46755934e-01 -2.19880432e-01  1.05048172e-01
  -3.60693671e-02  9.96103659e-02  1.46741673e-01 -7.19071701e-02
   3.48740816e-02  2.30625812e-02 -1.67139649e-01  1.65032987e-02
   1.46611735e-01  1.38003960e-01  9.00173783e-02 -3.16738114e-02
   9.77473333e-02  1.08538739e-01  1.86843604e-01 -1.48113519e-01
   1.05419904e-01  4.94105741e-02 -1.80150643e-01 -1.84412509e-01
   3.76779288e-01  5.71223758e-02  9.50098038e-02 -3.12208757e-02]
 [ 8.94021317e-02  2.23932162e-01  6.63416311e-02  3.20541203e-01
   2.26741984e-01 -1.56673476e-01 -1.36994699e-03  1.50820374e-01
  -3.26119736e-02  4.14002426e-02  1.12816490e-01  1.65409088e-01
  -1.86127633e-01  6.07765689e-02 -3.04625899e-01  7.51211494e-03
   1.63994469e-02 -8.67498666e-02  1.42100036e-01 -7.01177344e-02
   4.21584174e-02 -4.58768904e-02 -9.52867493e-02 -6.80048615e-02
  -6.99442178e-02  1.26451906e-03 -1.51474401e-01 -1.46691889e-01
   9.04812515e-02  2.42897332e-01  2.36557826e-01  1.13967411e-01
   3.71766090e-02 -7.97011703e-02  3.26389298e-02 -2.94962555e-01
   1.13596328e-01 -6.89463392e-02  3.19297425e-02 -3.42019983e-02]
 [-1.56998023e-01  2.96784580e-01 -5.51817238e-01  5.57417512e-01
   2.70572543e-01  9.12619174e-01 -8.50383639e-01 -1.11615613e-01
   6.67802691e-02  2.20917255e-01 -5.69544017e-01 -1.04306972e+00
  -5.25626898e-01 -3.69007438e-01 -4.23528641e-01 -1.18530107e+00
   6.57812655e-02  7.84508765e-01  6.23123169e-01  1.11259484e+00
  -1.85876608e-01  3.13933849e-01  1.41392827e-01 -2.89055526e-01
  -8.53593946e-01  3.76142234e-01 -2.71145433e-01  1.01624691e+00
  -6.87782943e-01  3.13420482e-02 -6.97107315e-01  5.35682105e-02
  -1.29739106e-01  5.78263462e-01  1.14126301e+00  4.67265964e-01
   5.43337241e-02 -9.00611803e-02 -3.63187879e-01  4.36062932e-01]
 [-1.85147631e+00 -5.21718919e-01  4.90392029e-01 -1.74642289e+00
  -1.46276081e+00 -1.23694479e+00  1.93389702e+00 -7.88165689e-01
   1.08053155e-01  6.51714325e-01 -1.95394948e-01 -6.91724494e-02
  -3.52737099e-01 -2.86088377e-01  2.29217339e+00  5.71155958e-02
  -4.24330562e-01 -3.67906779e-01 -5.10171533e-01 -8.89179468e-01
   3.07518154e-01 -4.14710402e-01 -9.74085093e-01  4.03671890e-01
   4.64352779e-02  1.09864615e-01  4.75084603e-01  4.07520905e-02
  -2.32181132e-01 -1.55422413e+00 -6.32425606e-01  9.76852477e-01
  -2.86876321e-01 -6.46686554e-01 -7.91655928e-02 -5.17783821e-01
  -4.67078120e-01 -3.35531414e-01  1.30111873e-01  9.85917151e-01]
 [ 5.99133894e-02  2.50583619e-01  1.04493812e-01  2.92654991e-01
   1.96243972e-01 -7.52468333e-02  3.81659865e-02  1.34919733e-01
   2.44005434e-02  5.02791330e-02 -2.48304103e-02  6.21260479e-02
  -1.94045063e-02 -3.80066261e-02 -1.76265627e-01  1.52272984e-01
  -3.60111333e-02 -3.52621153e-02  1.20620981e-01  2.92341784e-02
   8.79341960e-02 -1.36863545e-01 -9.01833847e-02  6.99394494e-02
   2.22359747e-01  1.54019609e-01 -4.81924787e-02  5.12684276e-03
   8.69542509e-02  2.09405661e-01  1.12254299e-01  8.40825438e-02
   1.91353738e-01 -1.67256221e-01 -2.05974564e-01 -4.52705026e-01
   8.87219384e-02 -1.24925713e-03  6.30187616e-03 -5.91358840e-02]
 [ 2.55150616e-01  1.03376396e-01  9.89650711e-02  2.59223074e-01
   5.64622991e-02 -1.94919005e-01  9.52618022e-04  1.52579814e-01
   6.25778213e-02 -5.70761710e-02 -7.37746134e-02  4.12984081e-02
  -2.90916502e-01  7.75002614e-02 -1.23055518e-01  7.31629357e-02
   1.88089594e-01  1.91617146e-01 -3.27076786e-03 -2.11782590e-01
   1.55713096e-01 -1.37252197e-01 -1.15106225e-01 -5.15371896e-02
  -2.09216252e-02  1.99206397e-01 -1.40304342e-01 -1.44466385e-01
   2.67047793e-01  2.17729911e-01  1.65537581e-01  6.06360100e-02
  -2.01805368e-01 -4.11791280e-02 -1.13766968e-01 -1.32929221e-01
   9.60360467e-02 -1.47053272e-01 -1.38447776e-01 -1.04648694e-01]
 [-3.80036384e-01  2.63142377e-01 -1.30635321e+00 -7.45539427e-01
   5.70731878e-01  5.09352386e-01 -1.01424170e+00 -1.97078750e-01
   9.14748609e-02 -9.38897848e-01 -5.32757759e-01 -5.05917251e-01
   1.60752499e+00 -2.54674464e-01 -5.73360205e-01 -1.75629973e-01
   5.50929427e-01 -2.55506009e-01 -2.33192518e-01 -7.35165775e-01
  -3.66061747e-01  8.37622285e-01  3.64738971e-01  3.84663999e-01
  -3.88020724e-01 -4.60954666e-01 -3.56370509e-01 -9.00589451e-02
  -3.70454818e-01 -1.62781984e-01  7.68985152e-02 -8.21489751e-01
  -4.85087425e-01  5.81870437e-01 -8.20513368e-01  1.45353258e+00
  -5.26068211e-01 -5.57441175e-01  2.12122411e-01  8.60265374e-01]
 [ 6.20987236e-01 -3.16169769e-01 -1.39927283e-01 -4.32176024e-01
   7.96254337e-01  9.42131341e-01 -1.19351661e+00 -9.04642884e-03
   1.03003037e+00  2.81368256e-01  5.49849868e-02 -1.31826663e+00
   8.04765597e-02  4.75280017e-01 -2.75760800e-01  8.06795582e-02
  -1.84608415e-01  9.07738984e-01  5.57254143e-02  9.79925036e-01
  -9.62630689e-01  1.19297838e+00  1.41471946e+00  9.20233905e-01
  -1.56210318e-01 -4.38220292e-01 -9.31249797e-01  1.47301733e+00
   4.25878108e-01  7.92640269e-01 -1.21655715e+00 -3.86075735e-01
   5.17282009e-01  1.38789308e+00  1.53734043e-01  6.54833496e-01
  -7.11091876e-01  7.66432762e-01 -1.02360892e+00 -7.33626664e-01]
 [ 2.54538655e-01 -2.71798875e-02  6.54157624e-02  2.43236095e-01
  -8.89808461e-02 -2.45919436e-01 -8.32776353e-02  2.48679936e-01
   5.16693853e-02 -8.29527602e-02  3.96810360e-02  2.91960146e-02
  -8.09176415e-02  1.36694744e-01 -2.71671921e-01  8.03792477e-02
  -1.01199441e-01 -5.39550669e-02  2.42445812e-01 -8.37369561e-02
   1.50648579e-01 -9.03407037e-02 -5.81133068e-02 -1.01806007e-01
   1.25848383e-01  2.70932000e-02 -5.55292629e-02 -1.41726583e-01
   5.90955094e-02  6.91434508e-03  2.13920608e-01 -2.03835368e-02
   1.30924672e-01 -1.56129628e-01 -1.89515471e-01 -1.20104723e-01
   1.76318362e-01  1.04151621e-01 -2.33365633e-02 -2.70387288e-02]]
A
[[-1.97779700e-01  3.04268785e-02  9.30188522e-02 -7.29451701e-02
  -1.20532043e-01 -4.39644128e-01  5.28115071e-02 -1.77464157e-01
  -9.01224539e-02  7.25091621e-02  6.84065700e-01 -4.47975434e-02
  -3.35429423e-02 -1.09241597e-01  1.95364743e-01 -2.55072284e-02
  -2.83503197e-02 -2.25301944e-02 -9.51527655e-02  8.20730925e-02]
 [ 1.26241138e-02 -1.80946544e-01  6.09794259e-02  1.13327697e-01
   3.91929261e-02 -2.27708295e-01 -1.48037985e-01 -3.82949226e-02
   1.28466889e-01  2.07957849e-02  4.50379461e-01 -3.03034689e-02
  -4.13517714e-01 -1.35352045e-01 -1.06643669e-01 -1.45013392e-01
  -1.58735171e-01 -4.46771868e-02 -1.38738928e-02  1.51458373e-02]
 [-9.10018459e-02  5.96956126e-02 -1.27479836e-01 -4.84131612e-02
  -4.05223109e-02  6.70865953e-01  4.19237725e-02 -2.74333134e-02
   1.61504373e-01 -1.57737918e-02 -7.56043673e-01  2.41503790e-02
   5.21334231e-01  9.75933000e-02  3.95754762e-02  2.22304463e-02
   4.61615361e-02  5.22599630e-02  5.31256897e-03 -8.00227448e-02]
 [-8.08392912e-02 -1.19355423e-02  1.74351293e-03 -9.57791731e-02
  -1.60716712e-01 -1.33457750e-01  2.93825343e-02 -4.42506932e-02
   8.00540671e-02 -1.19039990e-01  6.15637243e-01  4.61992761e-03
  -1.63101442e-02 -4.34728861e-01  2.22016692e-01  1.00394310e-02
  -1.22131241e-04 -5.72042249e-04 -2.19788924e-02 -1.29058808e-01]
 [ 8.41446519e-01 -6.85922280e-02 -3.30878869e-02  8.11404735e-02
   2.11539388e-01 -1.03669735e-02 -7.77569413e-02 -7.98614603e-03
   4.97547053e-02 -1.96554773e-02  1.18294269e-01 -3.27185728e-02
  -1.15497530e+00  1.24190882e-01 -1.43669143e-01 -1.02745339e-01
  -1.14077836e-01 -2.87915450e-02 -5.20377159e-02 -1.59772784e-01]
 [ 2.38460451e-01  2.19474323e-02  1.30298182e-01 -2.23250762e-02
   4.65299049e-03  5.35708405e-02  4.33695614e-02 -3.55825238e-02
   7.24632964e-02  8.17916021e-02  1.87685981e-01 -2.27061193e-02
  -3.10277253e-01 -1.20679811e-01  2.05652162e-01 -4.72193072e-03
  -2.32235137e-02 -1.22376457e-02 -3.24383192e-02 -3.79576460e-02]
 [-8.43000039e-02 -9.72746462e-02 -1.45910963e-01 -8.94066468e-02
   1.19524844e-01 -1.20662279e-01 -6.52318075e-02 -1.18989304e-01
  -6.87704934e-03  9.56681818e-02 -3.76593530e-01 -7.94588998e-02
   5.30786455e-01  1.59483939e-01 -1.41675502e-01 -1.19665898e-01
  -1.31519601e-01  1.08760104e-01  1.25593841e-02  5.69635443e-02]
 [ 3.62064317e-02  2.16965172e-02 -8.72010179e-03  1.28311366e-01
  -1.36058703e-01 -1.60074588e-02  6.31444296e-03  6.07400462e-02
   8.49019736e-02  5.75700216e-02  2.33601272e-01  4.67824712e-02
  -9.45780501e-02 -1.02346599e-01  1.34886444e-01  1.75259318e-02
   3.25072259e-02  4.72262735e-03  1.01358723e-03  2.59605702e-02]
 [-6.27261162e-01 -1.23044932e-02  7.79450014e-02  1.50049239e-01
   5.86448647e-02 -2.62797773e-01 -3.37184258e-02 -2.26880461e-02
   7.48954117e-02  1.80738851e-01  3.44967425e-01  4.28583799e-03
   4.07200605e-01  1.64294690e-01 -6.92288280e-02 -1.21372966e-02
   8.13871901e-03  3.94468121e-02  5.22104241e-02 -2.84421891e-02]
 [-2.45852947e-01  5.52011654e-02 -1.85012557e-02 -2.39370000e-02
   3.11312638e-02  4.88124937e-01  6.77371547e-02  6.31156191e-02
   1.09575382e-02 -8.62578675e-02 -3.39086622e-01  2.23699287e-02
  -1.80530965e-01  5.74760586e-02  2.34483816e-02  3.68204303e-02
   8.08312595e-02  1.59450546e-01  1.07418597e-01 -9.09696668e-02]
 [ 1.23055451e-01  1.19228540e-02  8.59394521e-02 -7.37703517e-02
   5.36458082e-02  8.69269431e-01  1.36025827e-02 -1.53824762e-01
  -2.01607067e-02 -3.06640696e-02 -8.84898305e-01 -3.09838280e-02
   5.38941287e-02  1.66906789e-01 -1.23556547e-01 -2.56270394e-02
  -2.48345751e-02 -1.16196588e-01 -8.89969394e-02  9.32427496e-03]
 [-7.21685514e-02 -1.59050096e-02  1.64853439e-01 -2.15545688e-02
  -3.94047275e-02  3.96667033e-01  1.73726864e-02 -1.03669323e-01
  -7.72758350e-02  1.03071108e-01 -6.72991753e-01 -5.30195199e-02
   4.79989856e-01  3.53830568e-02  1.63211137e-01 -3.01448517e-02
  -6.25362620e-02 -7.76232034e-02 -3.95179614e-02 -5.22949509e-02]
 [ 3.76832515e-01 -2.04243381e-02 -1.48225212e-02 -1.81911424e-01
  -2.83058211e-02 -2.72580594e-01 -1.60510615e-02 -1.40698701e-02
  -7.53609985e-02  7.66799077e-02  7.68550694e-01 -3.47560197e-02
  -3.81682873e-01  1.26814052e-01 -3.82802486e-02 -2.63202656e-02
  -3.92999016e-02 -1.31202072e-01 -6.63142279e-02 -9.66444835e-02]
 [ 2.69973993e-01 -6.88065886e-02 -1.30939931e-02 -4.87355888e-02
   1.91639774e-02  3.81805450e-01 -8.17051828e-02 -1.00528724e-01
   5.18620797e-02 -2.71637738e-02 -1.43001467e-01 -1.04087833e-02
  -2.42611423e-01  1.31510943e-01 -1.70380011e-01 -1.09183311e-01
  -9.06628296e-02 -6.20283708e-02 -8.36421177e-02 -1.25717863e-01]
 [ 4.27830219e-01  9.68390554e-02 -1.08952440e-01 -1.04767818e-03
  -4.57958281e-02  5.63487828e-01  5.56662194e-02  4.10803482e-02
  -7.81271532e-02  2.55181622e-02 -9.47371662e-01  4.97495793e-02
   2.26025674e-02  1.47608012e-01 -2.29456857e-01  6.52757213e-02
   1.01357058e-01  3.31617817e-02 -3.97150591e-02  6.88144704e-03]
 [ 8.90039861e-01 -2.41347644e-02 -9.55088809e-02 -2.29662731e-02
   8.26720521e-02  3.44537884e-01 -8.98349211e-02 -1.17421951e-02
   6.50375783e-02 -3.17578651e-02 -7.95966625e-01  1.39790960e-02
  -6.72944486e-01  3.48953187e-01 -2.47940585e-01 -9.45711434e-02
  -8.11588094e-02 -6.00414462e-02 -1.12022102e-01  3.14426869e-02]
 [ 7.66600251e-01 -7.52576888e-02  5.72762899e-02 -1.84180290e-01
   1.01060402e-02  3.08145970e-01 -5.42941876e-02  7.63871446e-02
   3.36919539e-02  1.70776978e-01  2.18823195e-01 -3.05836950e-03
  -1.08342528e+00 -1.76392570e-02 -2.39494704e-02 -8.63103569e-02
  -7.69731104e-02 -1.08939493e-02 -9.78185330e-03  2.77085342e-02]
 [ 3.12133487e-02  7.73374736e-02 -8.54186490e-02  3.28776762e-02
  -3.25417556e-02  5.30644059e-01  3.49688679e-02  7.58197457e-02
  -1.70292586e-01 -4.05294634e-02 -5.99435925e-01  7.58631453e-02
   1.37871996e-01 -6.79011270e-02  7.08451569e-02  7.82214850e-02
   9.38895717e-02 -1.99303846e-03  1.24488166e-02  8.46000835e-02]
 [ 4.44500327e-01  1.98741257e-02 -1.34978399e-01  5.59425652e-02
   8.62660185e-02 -5.39522529e-01  2.31490470e-02  8.65843892e-03
   1.03806257e-01 -9.41320881e-02  5.52802503e-01 -9.19015706e-03
  -5.50855279e-01 -1.63238943e-01 -1.27996594e-01  2.79093832e-02
   1.99701656e-02  7.35524669e-02 -1.64863784e-02  6.85492903e-02]
 [-4.98082191e-01  8.98376927e-02  3.32380347e-02  1.87015116e-01
  -4.00848798e-02  1.89288944e-01  7.72413462e-02  7.39933923e-02
   5.61529174e-02 -4.20185030e-02 -1.24262147e-01  5.53294048e-02
   7.88020253e-01 -1.80588648e-01  3.35790426e-01  9.24003646e-02
   9.66028571e-02  1.17468938e-01  9.62787941e-02 -1.41637847e-01]
 [-1.90834627e-01 -1.90469883e-02 -1.19491361e-01 -3.05016842e-02
  -4.76186275e-02 -2.73140967e-01 -1.89302377e-02  3.67145203e-02
   5.19865267e-02 -7.36693069e-02  4.59550992e-02  1.46461688e-02
   4.82684880e-01 -1.25006467e-01  3.39682102e-02  1.95317008e-02
   5.13620442e-03  1.68243125e-02  3.03972047e-02 -5.54313436e-02]
 [ 3.17159086e-01  4.12380807e-02  1.26190290e-01  2.62460291e-01
   6.95605129e-02 -1.01772338e-01  1.85800921e-02 -3.62415947e-02
  -1.55176669e-01  2.30409548e-01  3.96554470e-01 -5.63053740e-03
  -4.68030930e-01  1.18603133e-01 -1.73942626e-01  2.03958694e-02
   2.83521023e-02 -5.67857362e-02 -6.13995492e-02  1.49836659e-01]
 [ 8.58694494e-01  2.77139042e-02  2.58931760e-02  5.46236746e-02
  -2.43024483e-01 -7.01632276e-02 -3.60071026e-02  1.43759651e-02
   1.03373684e-01  2.80596018e-02  1.55670941e-01  7.50299320e-02
  -9.73202527e-01 -5.41851707e-02  4.95851375e-02 -6.19025230e-02
  -2.36180592e-02 -5.24550043e-02 -1.73678324e-01 -4.61905226e-02]
 [-1.29817277e-01 -4.76461351e-02  6.94424734e-02  1.63929254e-01
   7.51128197e-02  4.13370669e-01 -8.00391361e-02 -3.82658117e-03
  -1.30048871e-01 -5.50070405e-02 -3.53958681e-02  2.24214848e-02
  -2.84752131e-01  2.90066391e-01 -3.04405570e-01 -5.13680391e-02
  -8.88488628e-03 -5.61292544e-02  5.91883902e-03  4.90713529e-02]
 [-4.31244731e-01  3.15494239e-02 -1.46360090e-02  1.60876915e-01
  -8.55082124e-02  1.88824674e-03  4.02626917e-02 -4.47321981e-02
   2.77085602e-02  6.25911132e-02  3.75885606e-01 -1.04916496e-02
   3.80039543e-01  1.12877630e-01  7.23624974e-02  1.21739581e-02
   3.41677330e-02  2.93311011e-02  2.74649076e-02  1.43209668e-02]
 [ 2.52042621e-01 -5.29088080e-02 -4.89715450e-02  4.34662849e-02
  -1.65405702e-02  3.49725783e-01 -4.66990434e-02  1.02753766e-01
   1.05498061e-02  4.75710537e-03 -2.02135369e-01  3.83757427e-02
  -3.15690517e-01 -1.49974972e-01  1.30689575e-03 -2.92442832e-02
  -1.56030850e-02  4.82475944e-02  4.34595793e-02 -1.48377821e-01]
 [-3.97829235e-01 -4.69235741e-02  6.26060367e-02  1.57076642e-01
  -1.01477243e-01  3.43199432e-01 -4.89818230e-02  7.45098069e-02
   9.49007422e-02  2.10278437e-01 -5.90783000e-01  3.89756598e-02
   7.03178406e-01 -7.49382749e-02  1.84882045e-01 -9.27029178e-03
  -1.79932714e-02 -1.18960561e-02  6.26526475e-02  4.86798510e-02]
 [ 3.74818891e-01  7.31091201e-02 -1.68578904e-02  3.80669348e-02
  -7.02668205e-02  4.27899688e-01  6.42229766e-02  2.13408247e-02
  -1.46905584e-02  6.12187646e-02  7.39737004e-02  5.23601063e-02
  -1.13746536e+00 -7.70365372e-02 -1.54541299e-01  3.38184796e-02
   9.65618864e-02  4.54166830e-02 -4.03640456e-02 -2.85686292e-02]
 [-7.02434182e-02 -5.58519997e-02 -4.46300469e-02  1.00150146e-01
   7.94137120e-02  4.66523767e-01 -7.08087832e-02 -6.62038848e-02
   1.45938203e-01  3.47703137e-02 -2.49488279e-01 -1.43912602e-02
   1.14236042e-01  2.61346877e-01 -9.09345299e-02 -8.93678516e-02
  -7.02553019e-02 -2.21402645e-02 -6.01163367e-03  2.85394695e-02]
 [ 7.16876209e-01 -3.43834385e-02 -2.43244935e-02 -2.03644276e-01
   5.38173430e-02  1.82852656e-01 -3.22933532e-02 -2.59537976e-02
  -1.56733468e-01 -8.99374783e-02  4.64622110e-01 -5.31928660e-03
  -1.52794719e+00  4.30456325e-02 -1.66308269e-01 -8.47782716e-02
  -4.79612201e-02  1.21187717e-02 -5.61874732e-02 -1.11145750e-01]
 [-1.07965581e-01 -1.97650511e-02  2.25938000e-02 -5.45793287e-02
   2.87829861e-02 -2.50858724e-01  4.66281222e-03  6.40187711e-02
  -1.74206465e-01 -9.17783380e-02  7.01620102e-01 -1.52547462e-02
  -1.27594724e-01 -2.26959381e-02 -2.09747925e-02  3.59392576e-02
   2.86069978e-02 -8.27788096e-03  7.65096843e-02 -2.01050982e-01]
 [-4.27229553e-01 -4.92403284e-02  5.10783009e-02  1.47623435e-01
   4.50816825e-02  5.64265810e-02 -3.18014026e-02 -8.55330303e-02
  -7.04120053e-03  8.26111883e-02 -3.48003864e-01 -2.51124594e-02
   6.58105552e-01 -2.32822243e-02 -6.17165454e-02 -3.63302007e-02
  -4.28169258e-02  4.70815301e-02  2.18504723e-02 -4.26445194e-02]
 [-6.34343326e-02  3.52184586e-02 -6.71171769e-02  5.54596968e-02
  -1.01616941e-01  5.22442833e-02  3.03287208e-02 -6.48247898e-02
   1.55777007e-01  1.30977973e-01 -2.54942290e-02  6.55250344e-03
  -1.01974875e-01 -1.37702597e-03  6.32911325e-02 -1.28909517e-02
   1.04500279e-02  1.83594991e-02 -4.92346510e-02  5.80604784e-02]
 [-1.19336259e+00  3.11242472e-02 -3.29643749e-02 -2.05308437e-01
   6.90290472e-03 -5.29209375e-01  4.40231785e-02 -1.18957780e-01
   1.84609424e-02  1.18709933e-02  7.55807042e-01 -3.49873677e-02
   1.02558374e+00  2.44694259e-02  1.46812633e-01  4.78281192e-02
   3.67184393e-02 -1.73025858e-02  4.62354682e-02 -9.51891169e-02]
 [ 3.28944951e-01  4.61038724e-02  6.23190217e-02 -1.65935114e-01
   2.02623922e-02  4.77882653e-01  7.68888667e-02 -2.26573683e-02
  -1.00250850e-02  3.82357952e-03 -7.70681024e-01 -1.00883245e-02
  -3.05134337e-02 -2.30199426e-01  2.21740216e-01  1.73814911e-02
   6.99283846e-04  9.19424295e-02 -1.37358415e-03  1.63829736e-02]
 [ 7.07094133e-01  2.21590418e-02 -2.31876038e-02 -6.11705482e-02
  -4.61133495e-02  4.82801467e-01  1.88338000e-03  1.44044012e-01
  -3.91750224e-02  8.22092742e-02  6.12321422e-02  5.29762805e-02
  -9.76476431e-01  6.57741493e-03 -2.10128706e-02  2.86639854e-02
   4.41941693e-02 -1.10472985e-01 -2.63510700e-02  1.11423694e-01]
 [-1.44646853e-01  4.56888191e-02 -5.03116548e-02 -2.40276128e-01
  -1.42995045e-01 -1.14168093e-01  6.07515685e-02  3.61519754e-02
  -1.12451427e-01 -5.56749292e-02  2.03113437e-01  2.80279219e-02
   1.68947838e-02 -2.51826793e-01  1.25921741e-01  7.24621564e-02
   7.62382373e-02  1.26216812e-02  1.34201739e-02 -1.04476558e-02]
 [-9.91163626e-02  5.68511104e-03 -5.50093465e-02  2.15052605e-01
  -1.22821301e-01  2.31469631e-01 -2.34733373e-02  7.09388033e-02
   4.71197814e-02 -1.36556495e-02 -1.11925773e-01  5.83082475e-02
  -2.02444638e-03  4.01651450e-02  1.82202116e-01 -4.32811007e-02
  -2.49156775e-03  8.43047351e-02  2.35333312e-02 -7.02832267e-02]
 [ 1.41616225e-01 -8.92772004e-02 -1.68892726e-01 -3.03568854e-03
  -7.43526071e-02 -2.21483096e-01 -1.28620222e-01  3.82629670e-02
   9.80182365e-02  6.48119897e-02 -8.36752474e-01  2.88442727e-02
   6.77370429e-01 -8.67496133e-02  1.32002309e-01 -6.69737384e-02
  -1.20574340e-01 -1.13399714e-01 -6.66370541e-02  7.44974464e-02]
 [ 2.01386556e-01 -2.94981599e-02  1.48004415e-02 -1.81380078e-01
   1.58731967e-01 -1.03183404e-01 -7.10434932e-03  1.15771055e-01
  -1.87364146e-01  4.14487273e-02  2.30412692e-01 -1.95630733e-02
   2.06020544e-03 -8.79397616e-03 -9.93822962e-02  3.93283106e-02
   1.23895528e-02  2.67802607e-02  9.82683748e-02  1.06845774e-01]]
B
[[-2.07597762e-02 -4.59669903e-02  6.41998127e-02  1.36059329e-01
  -6.10580258e-02  3.02935801e-02 -7.49893636e-02 -2.30873153e-01
   3.99719924e-02 -1.03491023e-01  1.50179327e-01 -1.27403587e-02
  -3.18855077e-01  6.79048970e-02 -1.59652948e-01  9.76674110e-02
  -5.42974612e-03  1.63195193e-01  9.76057425e-02 -1.63851783e-01]
 [ 2.03500390e-01  3.18409912e-02  1.49693713e-01 -6.33207709e-02
   8.91808700e-03 -7.59830028e-02 -1.52161509e-01  1.10082857e-01
  -1.56152457e-01  6.61765486e-02  2.11164802e-01  6.34297216e-03
  -2.52203718e-02  1.52659759e-01 -1.13962881e-01  1.56721860e-01
   1.19439177e-01 -1.09299816e-01 -6.11769632e-02  1.06561773e-01]
 [-1.48306146e-01 -1.19934343e-01 -5.46598807e-02 -9.01895091e-02
  -2.45826617e-02  3.21102679e-01 -1.96017530e-02 -7.06350133e-02
   8.71118456e-02 -3.65138836e-02 -1.83404222e-01 -2.32532576e-01
   1.38710216e-01  7.49438182e-02 -2.06389781e-02 -1.12146549e-01
   5.25353961e-02  2.58575052e-01 -4.68066409e-02 -1.41960531e-01]
 [-7.39682764e-02  7.26415291e-02 -8.25263113e-02 -1.66660156e-02
   9.90803987e-02  7.93838128e-02 -1.10570170e-01  1.18892945e-01
  -1.15943536e-01  1.22068562e-02 -1.86791066e-02  9.50924978e-02
  -2.94490010e-01 -5.82354553e-02 -5.50658517e-02 -9.69058834e-03
  -5.42577915e-02  9.76760983e-02 -3.39435413e-02 -9.89378081e-04]
 [ 3.48687381e-01  1.14649154e-01 -7.78550506e-02 -9.89493355e-02
  -1.51136285e-02 -1.67961016e-01  4.61219363e-02 -8.25008824e-02
  -1.06206052e-02  1.81994572e-01  3.40911359e-01  8.44811648e-02
  -5.31760573e-01 -5.19645996e-02  6.43159896e-02 -1.01732887e-01
  -1.79014187e-02 -7.60063455e-02  6.07602112e-02  2.00108007e-01]
 [ 6.73348680e-02 -6.47706464e-02  1.14331000e-01  1.53351545e-01
   1.78078547e-01 -1.19558517e-02  6.74319491e-02 -1.67002916e-01
   6.31334931e-02 -2.07989533e-02  2.37549841e-02 -1.91420410e-02
  -4.15452093e-01 -4.44119200e-02  1.97406128e-01  6.08597472e-02
   4.18582037e-02 -6.23753183e-02 -5.64803481e-02  7.79269859e-02]
 [-6.76319003e-02  9.46819857e-02  1.77417606e-01  7.31895566e-02
   1.03505664e-01  1.71382781e-02 -1.58507582e-02 -2.84044575e-02
   1.18567854e-01 -3.44424993e-02 -6.11560881e-01  1.11384429e-01
   5.97651124e-01 -6.09580688e-02 -6.65411679e-03 -2.06089206e-03
  -5.54115279e-03  7.97329098e-02  4.54140194e-02  1.00321546e-01]
 [ 7.51713887e-02 -5.37483059e-02 -4.04433049e-02 -7.84126446e-02
   6.53890893e-02  1.90729797e-01  5.66610806e-02  1.14300452e-01
  -1.15684338e-01 -9.87117216e-02  1.88391849e-01 -1.20887101e-01
   3.04342527e-02 -1.96222186e-01  6.47746911e-03 -4.63374704e-02
  -6.39117360e-02  7.22149983e-02 -1.61826331e-02  7.35230446e-02]
 [-2.87198991e-01 -4.24660482e-02  1.18518546e-01  7.27934241e-02
  -5.51590733e-02 -1.53272822e-01  6.73110485e-02  1.27563447e-01
   2.00319048e-02  1.22863851e-01  4.00968373e-01  2.54899532e-01
  -3.56060296e-01  5.41215539e-02 -1.21235466e-02 -1.46811053e-01
   5.35598770e-02  4.04404057e-03 -9.45003256e-02  2.44091135e-02]
 [-1.48825958e-01 -4.39533778e-02 -9.56556424e-02  1.28753632e-01
   1.91812485e-01  2.12333754e-01  1.05542414e-01  2.17503943e-02
   2.65128724e-02  6.35056123e-02 -7.03651756e-02  7.16718808e-02
  -7.02203214e-02  1.01493321e-01 -5.23056574e-02 -2.06105318e-02
   5.50520904e-02  1.43151283e-01  3.74599397e-02 -2.13181581e-02]
 [ 1.11804701e-01  5.47671989e-02 -1.13788648e-02 -1.03221320e-01
   2.34138295e-02  1.64868757e-01 -3.99209280e-03  8.99336115e-03
   3.83994244e-02  1.03246361e-01 -2.73361001e-02 -7.80564919e-02
   1.25642708e-02  1.16141569e-02 -4.37247530e-02  5.33290021e-02
  -1.03880860e-01  1.29107922e-01 -1.51139870e-01  5.07755466e-02]
 [ 1.32175805e-02  1.29029140e-01  7.65088797e-02 -3.05997785e-02
   1.27450570e-01  6.09594360e-02  8.74208361e-02  3.03753056e-02
  -4.94640544e-02  4.61970270e-02 -6.13820016e-01 -1.58229306e-01
   4.64198560e-01 -6.08483329e-02 -3.04382630e-02 -4.45366316e-02
   1.11422859e-01  1.38874635e-01 -1.88500673e-01  1.32084295e-01]
 [ 1.95028752e-01 -1.47069842e-01 -1.14035130e-01 -5.85390888e-02
   4.80125919e-02 -3.75221640e-01 -4.37729880e-02 -4.60157469e-02
  -2.11566184e-02 -1.97220463e-02  1.42961787e-02  5.99177964e-02
   1.15550615e-01 -3.04956287e-01 -1.98147092e-02 -7.80448988e-02
  -3.01616639e-02 -9.45747420e-02 -1.25051752e-01 -6.88505843e-02]
 [ 1.37322277e-01 -8.06185007e-02  1.07358836e-01 -3.18939798e-02
   4.44040401e-03  9.49989259e-02 -1.65235624e-02 -6.66892454e-02
   4.54666391e-02  1.36100398e-02  2.22107410e-01 -6.43072799e-02
  -1.04998738e-01 -2.66093731e-01 -5.32744965e-03  3.91081609e-02
   5.47274128e-02  6.90892804e-03  2.07682904e-02 -2.63852537e-01]
 [-1.55486867e-01  9.22050774e-02  1.04071930e-01  4.63864878e-02
  -4.55261432e-02  9.56974104e-02  1.52834788e-01 -2.07291052e-01
   2.01748058e-01 -1.47878833e-03 -5.15215695e-01 -4.29121079e-03
   3.14461172e-01  4.76006418e-02  1.73319280e-01  1.89467296e-01
  -8.61155316e-02 -2.77575664e-03 -6.02196231e-02 -7.22598061e-02]
 [ 2.15883866e-01  1.38734922e-01  8.05354789e-02  1.12048164e-01
   5.71198128e-02 -8.36713891e-03  1.56281173e-01 -1.58577025e-01
   2.58281045e-02  1.64725319e-01 -4.54422794e-02 -1.31722003e-01
   1.87443625e-02 -4.54187356e-02  7.36520141e-02  9.55723040e-03
   1.34003460e-01 -1.74162567e-01  1.58167616e-01 -1.60161946e-02]
 [ 2.74954528e-01  2.67848428e-02  1.86233670e-01 -3.37498076e-02
   1.29724607e-01 -9.62760970e-02 -1.04592286e-01  4.56267782e-02
  -6.23060875e-02  7.83461705e-02 -1.51228204e-01  2.12750345e-01
  -1.58490762e-02 -7.35844672e-02  1.13426998e-01 -7.51944333e-02
   1.22463219e-01  8.57492462e-02 -6.20703213e-02 -6.26934618e-02]
 [-1.30642727e-01  4.24353629e-02  1.52715847e-01  1.63279727e-01
   7.97618460e-03  2.21351787e-01 -1.28293023e-01 -1.79963675e-03
  -1.22647285e-02  9.03300494e-02  2.32151449e-01  8.65738988e-02
  -4.06873703e-01 -7.20173195e-02  7.92967007e-02  1.66190386e-01
   3.09106912e-02  1.73057139e-01 -1.07809342e-01  1.62531883e-01]
 [ 1.23712696e-01 -7.60644004e-02 -2.27807444e-02  5.85023053e-02
  -7.95737356e-02 -6.96021989e-02  1.62180271e-02  1.56543981e-02
  -7.98478946e-02  9.23146531e-02  1.97037727e-01  9.41182226e-02
  -2.99609810e-01  1.98109937e-03  7.04060718e-02 -4.40820418e-02
  -1.38292506e-01 -1.17490351e-01 -9.56485346e-02  5.33836670e-02]
 [-2.11251035e-01  1.94409773e-01 -2.97678094e-02 -7.01725334e-02
  -2.13596597e-02  3.85699242e-01 -2.59359572e-02  7.58834258e-02
   5.00946380e-02 -1.68243900e-01  3.46531481e-01 -7.97886178e-02
  -3.91584992e-01 -1.25817001e-01  4.87683304e-02  9.28801447e-02
  -5.04518226e-02  4.55623418e-02 -9.99615118e-02  2.27962658e-02]
 [-9.41182226e-02 -3.01542170e-02 -1.90968007e-01  1.08323775e-01
  -8.41288790e-02  3.69908032e-03  8.10681507e-02  5.02490290e-02
   6.89146742e-02 -1.67015210e-01 -1.45265937e-01 -1.01979271e-01
   2.41564289e-01 -1.24635629e-01 -9.72848292e-03  1.34192482e-01
   3.05613386e-03 -1.50169209e-01  7.01308483e-03 -3.67452204e-02]
 [ 1.35657609e-01 -7.74977803e-02 -1.40042052e-01 -5.47797456e-02
  -1.49301916e-01 -1.48958325e-01  8.91179964e-02  1.80125773e-01
  -6.73529580e-02  1.48256958e-01  4.39778507e-01  4.82489821e-03
  -3.58620256e-01  4.15459126e-02 -4.97371033e-02  2.43208572e-01
  -1.00797497e-01  7.65425786e-02 -2.07304031e-01  2.11309671e-01]
 [ 1.94522664e-01 -8.37406963e-02 -1.08556487e-01  8.07031319e-02
  -1.91479977e-02  1.92495808e-01  3.37385051e-02  1.36634633e-02
   5.47039211e-02 -1.61550879e-01  2.01854825e-01  1.48967594e-01
  -2.81998158e-01  6.07990921e-02 -1.39651427e-04 -4.29604463e-02
  -5.03493361e-02  2.98612993e-02 -2.36623958e-02 -4.13414426e-02]
 [-6.38942271e-02  1.83568686e-01  4.59825434e-02 -1.06492929e-01
   2.65202224e-02 -1.53483331e-01 -9.38849598e-02 -2.85395738e-02
   1.36078387e-01  7.54243508e-02  4.41486895e-01 -2.35301536e-02
  -2.67171204e-01 -5.84561191e-02 -5.16601801e-02 -1.28781497e-01
   8.43305811e-02  7.01145455e-02 -4.66165505e-02 -6.72932109e-03]
 [-2.16748178e-01  2.38793157e-02 -1.97391987e-01  1.15648173e-01
  -9.30480957e-02 -6.81551844e-02  1.09245472e-01  4.60288487e-02
  -1.09358303e-01  1.24481298e-01 -9.67330635e-02  9.59746540e-02
   1.09738648e-01 -1.55863957e-02  1.54528171e-01  1.24781514e-02
   7.73138506e-03  9.14798379e-02  9.47475359e-02 -4.98346984e-02]
 [-2.71560065e-02 -8.83003324e-02  2.64280592e-03  3.16572003e-02
   7.92544708e-02  8.22123215e-02  1.02407411e-01 -6.39573261e-02
  -2.12811213e-03  4.23157215e-02 -1.53196797e-01 -1.02463998e-01
  -6.47369698e-02  8.37268457e-02  1.42974719e-01  3.60573316e-03
  -8.48724786e-03 -4.80157994e-02 -3.76209542e-02  1.29415346e-02]
 [-1.26962662e-01  8.69292244e-02 -4.25682329e-02 -5.49418032e-02
  -2.39610553e-01  1.85712576e-01  1.53552443e-02  1.44427225e-01
   1.12447560e-01 -2.45572343e-01 -2.73397118e-01  1.04586713e-01
   3.95751983e-01 -1.66778918e-02  1.67911109e-02 -1.64856955e-01
  -9.06320214e-02  3.68967699e-03 -2.59170006e-03 -7.53086731e-02]
 [ 1.27044627e-02  1.09350719e-01 -2.01045856e-01 -6.16042279e-02
  -1.26173601e-01  1.22751914e-01 -1.03629893e-02  5.82522452e-02
   1.12486601e-01  2.76882853e-02  2.36090884e-01  4.92141116e-03
  -5.12477458e-01 -1.46283237e-02 -1.85912892e-01 -8.66028294e-03
   1.44721463e-01 -1.37862593e-01 -8.93671364e-02 -7.67924404e-03]
 [-3.56763527e-02  5.43767400e-02  1.18365876e-01 -1.13041200e-01
  -2.12679841e-02  2.10440438e-02  4.95587923e-02  8.79124552e-02
  -2.26529855e-02  1.69535905e-01  1.83211744e-01 -1.86987575e-02
  -1.33548021e-01  6.29595146e-02 -1.20501757e-01 -1.37517840e-01
   1.39304949e-02 -9.58519429e-02 -4.29481715e-02  8.54797196e-03]
 [ 2.97781259e-01 -7.49166384e-02  7.20794126e-02  1.21366739e-01
   2.19606999e-02 -1.74249988e-02 -1.27375558e-01 -1.78743213e-01
   1.13528714e-01 -1.23280520e-02  3.94700825e-01 -1.22773116e-02
  -5.22351503e-01 -3.47212553e-02  1.32097185e-01 -1.12657920e-01
   1.75723266e-02  1.70198455e-01  1.03184380e-01  6.12707026e-02]
 [ 4.77925465e-02 -1.95366647e-02  1.26776621e-01 -8.21714774e-02
   9.85040888e-02 -2.40301386e-01 -3.39204147e-02 -3.35803926e-02
   7.87884966e-02 -1.55608952e-01  6.36350065e-02 -1.61983952e-01
   1.36014670e-01 -1.48337230e-01  1.09444641e-01 -2.35324532e-01
   5.99078611e-02  2.68206652e-02  1.03264511e-01 -8.09078570e-03]
 [-1.63283646e-01 -1.87979087e-01  1.14696920e-01  9.47250500e-02
  -1.34431586e-01  1.13050193e-01 -1.03608228e-01 -6.44290075e-02
  -6.46548197e-02  1.11758925e-01 -1.60799623e-01  1.34196086e-02
   1.65702179e-01  2.06595257e-01 -2.50595659e-01  1.34309411e-01
  -2.12055724e-03 -8.80132839e-02  4.66391928e-02 -1.00524247e-01]
 [ 3.32228020e-02 -3.82918827e-02 -5.26772253e-02  3.43219191e-02
   1.56402647e-01  2.39821851e-01  2.07926109e-02  8.40775110e-03
  -7.90554136e-02 -1.61027219e-02  8.89094546e-02 -1.27668548e-02
  -2.82348692e-03  1.14769839e-01 -5.22329099e-02 -3.38462479e-02
  -9.89643261e-02  1.84769407e-02 -7.57986978e-02 -1.82178944e-01]
 [-2.53373146e-01 -1.22495785e-01  1.09794056e-02  9.07452554e-02
   9.32080671e-02 -7.91437328e-02  6.62243664e-02 -1.25357751e-02
  -2.29490437e-02 -5.11394329e-02  6.09881103e-01 -7.80190304e-02
  -3.33396435e-01 -1.39405867e-02  4.54085618e-02 -8.70814100e-02
   1.89331733e-02 -2.71381568e-02 -1.70775875e-01 -1.71038330e-01]
 [ 8.81544054e-02  1.96794644e-02 -1.17397301e-01  5.83113991e-02
   1.96840577e-02  4.22394842e-01  1.57826394e-01  3.09353620e-02
   8.51030578e-04 -2.21950896e-02 -3.53596061e-01  1.07290708e-01
  -5.37321605e-02 -7.00909421e-02  2.56269909e-02 -1.36218056e-01
   2.01498326e-02  2.16857418e-02  5.39837554e-02  1.94360148e-02]
 [ 2.19355568e-01 -8.38713646e-02  7.53447190e-02  1.35779843e-01
  -1.27736405e-01 -1.33407220e-01  7.55315945e-02 -4.42312434e-02
  -3.40428986e-02  6.04063831e-02  1.35673404e-01 -1.19386196e-01
  -2.19860494e-01 -3.67764384e-03 -6.74439594e-02  1.82468876e-01
  -2.90449746e-02  3.86387780e-02 -1.34537280e-01 -4.82961722e-02]
 [-1.50937110e-01 -5.53976782e-02 -6.42631575e-02 -1.44473821e-01
   7.71313980e-02  8.35439283e-03  7.18206093e-02  1.30802291e-02
   1.66503266e-02 -6.42855465e-02 -1.94393754e-01 -9.68804210e-02
  -1.99597962e-02 -5.43240272e-02  5.61948791e-02 -2.10507307e-02
  -5.66487312e-02  9.69240367e-02 -5.31575643e-02 -7.33401999e-02]
 [-2.04272285e-01  5.28087728e-02 -1.04599958e-02  1.01627998e-01
  -5.81303313e-02  1.73001707e-01  5.04444912e-02 -4.21748422e-02
   6.15290888e-02 -3.59343253e-02  1.87081080e-02  9.88936648e-02
  -2.20170349e-01 -2.46381443e-02 -3.39693390e-02 -6.84298500e-02
  -3.05060446e-02  1.51828319e-01  3.53440158e-02 -4.11591791e-02]
 [-1.96372606e-02  1.30810529e-01 -5.88157177e-02 -6.64304495e-02
  -4.20345552e-03  6.51049009e-03 -1.69870123e-01 -8.14201459e-02
   8.18979591e-02 -1.54080868e-01 -3.91368926e-01  3.40803266e-02
   3.35981369e-01  2.08854660e-01  5.28249741e-02 -1.87873002e-02
   4.55496041e-03  6.41975850e-02 -6.20730296e-02 -1.20238200e-01]
 [ 2.88616121e-02 -5.22209592e-02 -3.10901906e-02 -2.86991596e-02
   2.97650583e-02 -3.03753287e-01 -1.02513013e-02 -7.18236938e-02
   8.44986364e-02 -1.67545117e-02 -1.93330660e-01  5.94829209e-02
   1.59024462e-01  5.63341379e-02  6.61182851e-02  5.33132330e-02
   1.95163086e-01 -8.61008912e-02 -2.36677364e-01 -2.99180038e-02]]
C
[[-3.66931289e-01  1.11071371e-01 -1.32008597e-01 -2.43640259e-01
   8.09735000e-01  4.83724587e-02 -5.93463844e-03  9.34622884e-01
   1.08829536e-01 -5.54092824e-02 -4.43164222e-02 -2.27022305e-01
   2.74967372e-01 -3.02886665e-01 -1.67839587e+00  6.17777072e-02
   7.49892220e-02 -6.03445768e-01  4.97515887e-01 -1.34573832e-01]
 [-2.27462187e-01 -2.98130065e-01  1.05053075e-02 -2.35261679e-01
  -4.02712584e-01  1.75110027e-01 -1.58635214e-01  3.44160758e-02
  -5.78454919e-02  1.13360547e-01 -2.29040056e-01  7.24137425e-02
  -1.07231393e-01  5.50203443e-01  7.08178803e-03  1.91929005e-02
   7.25990906e-02  2.07282573e-01 -4.97963995e-01  4.75022197e-02]
 [ 8.25285614e-02  3.42868827e-02 -2.12955117e-01 -1.62680209e-01
   6.96137324e-02 -2.90662915e-01 -1.05480701e-01  2.41823643e-01
   4.39746939e-02 -4.91000190e-02  9.85377356e-02  1.64283559e-01
  -1.17300659e-01 -5.13433635e-01  4.37876731e-01 -4.64651808e-02
  -5.61293215e-02 -7.36270189e-01  5.09617984e-01 -6.43683076e-02]
 [-2.62329131e-01  7.13843433e-03 -4.19870615e-01 -5.53088725e-01
   7.12031841e-01  2.27924913e-01 -1.63009450e-01 -6.51875436e-02
   7.13311508e-02  1.35567114e-01 -4.57528234e-02 -4.49396260e-02
   1.04330838e-01  1.14976943e+00 -1.04148424e+00 -3.75413038e-02
   8.14964250e-02 -3.80083919e-01 -5.60445845e-01 -5.69259040e-02]
 [-3.30805421e-01 -6.24251105e-02 -1.34202093e-01 -2.66698658e-01
  -1.19821513e+00  1.32254586e-01 -1.03955947e-01  1.04298198e+00
  -5.48507050e-02 -1.27145454e-01 -2.34976232e-01 -7.68629536e-02
   6.20148003e-01  1.95434213e-01 -7.20764935e-01  1.86006188e-01
  -1.71160437e-02  3.56195062e-01  3.67872268e-01  1.33908793e-01]
 [-3.13323647e-01  1.22328267e-01  3.46503705e-01  3.57857496e-01
   2.66339928e-01  3.25329602e-01  3.98332812e-02  8.96748066e-01
   2.52906382e-02 -1.93111286e-01 -1.60116225e-01 -1.19067505e-02
   2.87871748e-01  4.74735767e-01 -1.61545956e+00  1.01081952e-01
   4.42243554e-02 -1.10541075e-01  5.76713197e-02  7.19218776e-02]
 [ 1.71946153e-01  4.29039076e-02 -1.25098377e-01  1.78564906e-01
  -3.38097990e-01 -3.63193423e-01  6.72083050e-02  1.23394382e+00
  -5.56866778e-03 -1.60345331e-01  9.49455678e-01  2.28647217e-02
  -4.89496171e-01 -3.75467420e-01  1.09181094e+00 -1.58777431e-01
  -7.78790340e-02 -1.24596691e+00 -2.66112268e-01 -4.95261848e-02]
 [-3.53745557e-02  9.12561938e-02 -1.17807627e-01 -2.25242198e-01
   8.17639232e-01 -2.70076729e-02 -2.71667391e-01 -5.73799491e-01
  -1.95826199e-02  4.34784964e-02 -2.67467052e-01 -1.86867684e-01
  -3.43305469e-02  1.71745121e-02 -5.05095005e-01 -5.54298200e-02
   2.96400618e-02  5.69959134e-02  1.07433699e-01 -7.16125146e-02]
 [ 3.72515798e-01 -6.81853741e-02  4.15406302e-02  4.07233164e-02
  -5.46599865e-01 -2.18608752e-01  6.36372119e-02 -6.78294718e-01
  -2.70148851e-02 -1.69372372e-02 -2.76667386e-01 -8.35013762e-02
   2.21568435e-01 -4.07331049e-01  7.45295763e-01 -8.69580433e-02
  -1.81794003e-01  1.27548069e-01  7.19114482e-01  8.69752280e-03]
 [ 2.76949495e-01 -6.65797200e-03  5.53819612e-02 -1.01441436e-01
  -7.19380528e-02 -2.57706910e-01 -5.75521812e-02 -5.96584752e-02
  -5.57675958e-03  5.45400493e-02  1.39638603e-01  2.37866849e-01
   6.01847507e-02  1.47316651e-02  8.57121706e-01 -5.69133349e-02
  -5.15230745e-02 -9.03816044e-01  1.43346623e-01  9.97351706e-02]
 [-2.44716212e-01 -2.62427256e-02 -1.34447977e-01 -1.29051104e-01
  -7.65421927e-01 -2.71641344e-01  3.37550566e-02  1.14096129e+00
   7.06911460e-02 -5.82947508e-02 -1.67813618e-02  1.34734124e-01
   4.29244339e-02 -7.18702912e-01 -3.47708672e-01  5.61082028e-02
  -7.32345041e-04 -2.36797065e-01  1.02146558e-01 -8.06621239e-02]
 [-3.23562503e-01 -1.15615442e-01 -1.64671764e-01 -5.67420647e-02
   6.38817847e-01  1.07003339e-01 -5.76611608e-02  1.34339595e+00
   5.28872013e-02 -6.29017726e-02  7.43508220e-01 -9.84446034e-02
  -3.66964042e-01 -5.97416162e-01 -1.06690943e+00  1.19044278e-02
  -8.42887759e-02 -9.24444199e-02 -4.65560555e-01 -1.14769474e-01]
 [-1.29259959e-01  6.78235367e-02  1.06315553e-01  3.10434878e-01
   7.04001248e-01  4.98728484e-01  3.51204388e-02  2.80657947e-01
   1.74767652e-03 -1.09504819e-01  1.51163563e-01 -8.57977197e-02
   5.87277636e-02 -7.13099957e-01 -8.86586785e-01  1.97529253e-02
   4.11220565e-02  1.18852711e+00 -1.41201802e-02 -7.95313790e-02]
 [-1.48605987e-01 -1.31581306e-01 -2.64845908e-01  6.08275384e-02
  -4.94432449e-01 -3.24719727e-01 -1.51090115e-01  5.34401119e-01
  -8.89335722e-02  3.25369202e-02 -2.59858191e-01 -2.92720534e-02
   1.85532495e-01 -5.23755550e-01  6.53774962e-02  3.51238661e-02
   4.55265343e-02 -1.66872770e-01  4.65560257e-01  6.64135963e-02]
 [ 4.44036961e-01  6.42289370e-02  1.06170058e-01  3.07720214e-01
  -1.71769142e-01 -4.68260527e-01  8.15064758e-02 -2.67679036e-01
  -2.99135037e-02  2.60121096e-03  4.58114952e-01  1.30549416e-01
  -2.14803174e-01 -4.44185495e-01  1.54904926e+00  9.72254053e-02
  -1.41805366e-01 -6.66222870e-01  3.76094460e-01 -6.00064360e-02]
 [ 4.88243997e-02 -1.80404522e-02 -3.53951395e-01 -2.47241691e-01
  -7.91874707e-01 -3.63735333e-02 -9.58089232e-02  6.78360701e-01
  -1.45643324e-01  1.65783823e-01 -7.30549470e-02  6.84371889e-02
   2.14696422e-01 -1.21787083e+00  6.66657761e-02 -5.18829003e-02
  -2.09977999e-01 -8.05803575e-03  8.16091239e-01  8.53729900e-03]
 [-2.66625434e-01  9.55027044e-02  1.28319845e-01 -3.51519659e-02
   2.10373819e-01  1.70695335e-01  1.08287387e-01  3.74879748e-01
   1.30435288e-01  8.79392922e-02  1.14985287e-01 -7.71832094e-02
   2.57182345e-02  1.44312099e-01 -6.85599148e-01  6.74203271e-03
   6.51361123e-02  1.59150928e-01 -3.87589812e-01 -7.25118518e-02]
 [ 1.17014691e-01  8.20671022e-03 -1.74616575e-02  9.93951503e-03
  -2.86266506e-01 -2.30995849e-01  4.45055291e-02 -6.11112833e-01
   3.44809368e-02  3.29854012e-01 -6.50484800e-01 -6.86327368e-02
   3.49184901e-01  4.52757269e-01  1.16353743e-01  2.84624449e-03
  -3.21351998e-02  1.29381061e-01  4.72797215e-01  9.69565511e-02]
 [-7.74710923e-02 -2.16849759e-01 -1.04913130e-01 -1.91680849e-01
  -8.13604653e-01  3.73274907e-02 -2.12962134e-03 -8.96683894e-03
   4.47495319e-02  1.18878916e-01 -4.64622647e-01  1.60901263e-01
   1.99609086e-01  7.94179082e-01  3.40636194e-01  4.75121429e-03
   1.46731749e-01 -5.36836624e-01 -2.44717777e-01 -1.26215681e-01]
 [ 8.25021937e-02 -1.15313746e-01 -1.26962706e-01  5.31325340e-02
   4.58676994e-01 -1.86915658e-02 -9.85935256e-02 -5.94330192e-01
  -5.73845878e-02  5.34646921e-02 -5.14852703e-01  1.53782785e-01
   3.32705289e-01  8.45748723e-01 -2.77516544e-01  1.99386686e-01
   1.18847877e-01 -4.37245846e-01  2.98153937e-01  2.25127321e-02]
 [ 1.69468135e-01  3.91552137e-04 -2.30355844e-01 -2.89585739e-01
   1.50241688e-01  1.55991130e-02 -2.94539314e-02 -6.96942866e-01
  -5.49726076e-02 -2.41329949e-02  1.83820814e-01 -7.43423961e-03
  -2.12683454e-01  3.33320558e-01  3.16077083e-01 -7.69939274e-02
   1.32402614e-01 -1.01624995e-01 -5.27277589e-01  9.09904242e-02]
 [ 6.13366626e-03  1.35430157e-01  2.23616976e-02  1.92751795e-01
  -6.82810128e-01  1.83647558e-01  6.22897642e-03  7.81303123e-02
  -2.43493512e-01  1.80729836e-01 -3.29178631e-01  5.67377720e-04
   3.83815765e-01 -1.58759817e-01  1.81665659e-04 -1.60637144e-02
  -3.51604521e-02  4.25537884e-01  6.94577098e-01 -6.40705926e-03]
 [ 1.25877827e-01  2.11151749e-01  1.76895604e-01  1.63467333e-01
   1.03634846e+00  5.28122410e-02  9.95483845e-02 -4.06797305e-02
   9.40240249e-02  1.16238585e-02 -4.13612783e-01 -9.32090059e-02
   3.59995037e-01 -4.87105072e-01 -1.20896780e+00  7.31125623e-02
  -1.64209008e-01 -1.61811903e-01  1.00824738e+00  1.35737136e-02]
 [ 3.50202203e-01  1.48513213e-01 -1.04814701e-01 -1.21819407e-01
  -9.81902301e-01 -1.67120665e-01 -3.66547666e-02 -6.06760740e-01
   9.94683579e-02 -5.83553910e-02 -4.21108484e-01  2.78123785e-02
   2.78900236e-01 -7.95568228e-01  1.12587810e+00  6.25672191e-02
   1.99209347e-01  5.72681963e-01  6.93993807e-01  2.52954572e-01]
 [ 1.50105851e-02  4.28205460e-01 -2.72927284e-01 -4.10509966e-02
   8.60827863e-01 -1.68176025e-01  6.14764355e-02  1.15752993e-02
  -1.12389736e-02 -4.71381731e-02  1.46588171e-02 -2.75600404e-02
  -3.24233532e-01 -8.08679938e-01 -2.78162714e-02 -6.52830973e-02
  -9.60144494e-03 -1.45481393e-01  1.95403412e-01  6.59131035e-02]
 [-1.10075414e-01 -4.86871414e-02 -8.53588730e-02 -1.89129680e-01
  -8.74410123e-02  3.28021962e-03 -1.74536690e-01 -3.83529514e-01
  -8.84339809e-02  1.31341740e-01  2.39530914e-02 -1.91855039e-02
   1.35978177e-01  6.38493299e-01  6.31862104e-01 -5.29321395e-02
   9.32259485e-02 -1.22534938e-01 -3.27011049e-01  2.04736933e-01]
 [ 1.91388592e-01 -1.05553381e-01 -1.22036815e-01  5.15328757e-02
   7.16098726e-01 -1.32444918e-01  6.84085712e-02 -5.57242453e-01
   2.49811541e-02 -1.12354374e-02  1.47829056e-01 -9.42538083e-02
  -6.07426286e-01  1.39796704e-01 -4.18505184e-02  6.97058514e-02
   6.34913594e-02  3.19638908e-01 -3.53423029e-01 -9.93746743e-02]
 [ 4.10901248e-01 -7.00648874e-02  1.42265931e-01  1.98194250e-01
  -2.49431595e-01 -1.22671507e-01 -1.17211141e-01 -1.75998643e-01
  -1.24463521e-01  8.44162107e-02 -2.62100935e-01  1.90004215e-01
   5.84332407e-01  2.44005457e-01  5.61872423e-01  1.10491782e-01
  -6.85600862e-02 -6.33753121e-01  4.50537413e-01 -5.20699136e-02]
 [ 1.80117879e-02 -1.59438804e-01 -1.03908487e-01 -2.15903297e-01
  -7.05916822e-01 -2.85938203e-01 -1.38029933e-01  3.85185868e-01
  -2.15299532e-01  3.03504616e-01  6.44722357e-02 -1.51155978e-01
   1.17233686e-01 -8.41017306e-01  1.11081898e-01 -3.93923633e-02
  -1.21378206e-01  6.08005151e-02  7.27607727e-01  1.60199439e-03]
 [-1.68290302e-01 -7.77200311e-02 -1.52372420e-01 -4.20898765e-01
  -6.76063836e-01 -1.71558321e-01 -8.46849009e-02  6.00456774e-01
   9.33993384e-02  2.88074668e-02 -5.60703099e-01 -1.10127166e-01
   5.03387213e-01 -1.59844711e-01 -5.33919454e-01 -1.87864318e-01
  -7.80192316e-02 -3.87348801e-01  3.43055516e-01 -1.43611461e-01]
 [-2.60314375e-01 -2.52621360e-02 -4.90596235e-01 -4.42998648e-01
  -1.34475785e-03  8.88994485e-02 -1.53624281e-01 -6.18110836e-01
   4.26255837e-02 -1.88880339e-01 -1.07945360e-01 -1.85944468e-01
  -2.69767165e-01  5.64722121e-02  9.54922214e-02  1.69113483e-02
  -2.27764472e-02  6.98412299e-01 -5.84303796e-01 -6.06964715e-02]
 [ 1.22581713e-01  1.93471853e-02 -1.47264257e-01  7.93295875e-02
  -4.92024094e-01 -2.12858617e-01  1.81924384e-02  2.37602308e-01
   5.71063831e-02  1.36549756e-01  2.08862603e-01 -2.49399096e-02
  -2.23631635e-01  1.92374900e-01  9.42678213e-01 -1.88356996e-01
   1.12342335e-01 -7.09201992e-01 -1.63586721e-01  5.86960129e-02]
 [ 2.94418689e-02  1.24699287e-01 -4.61327843e-02  5.88538311e-02
   4.43507463e-01 -1.26226559e-01  5.17662652e-02  3.19166720e-01
  -4.88160141e-02  3.40580195e-02  4.91918949e-03 -9.97813120e-02
   9.68341529e-02 -3.90103042e-01 -4.18397039e-01  3.04642804e-02
  -2.43471250e-01 -5.83659470e-01  4.85498726e-01 -1.47094280e-02]
 [ 1.85642809e-01  1.12781182e-01  3.08044761e-01  7.26252571e-02
   1.17913030e-01  2.12625310e-01  1.06895424e-01 -3.58154982e-01
   1.50345489e-01 -7.72399232e-02 -3.79106164e-01 -1.24088131e-01
   3.99707228e-01 -1.97059691e-01 -3.82361948e-01  9.21285003e-02
   4.70883064e-02  3.33993226e-01  3.12122434e-01  3.72487418e-02]
 [-1.58409640e-01  2.69564301e-01  1.34821817e-01  2.68345088e-01
   1.05180711e-01 -1.21679351e-01  1.21919699e-01  1.35793519e+00
  -1.71205685e-01  3.98379825e-02  3.86251181e-01  6.49363920e-02
   2.92348891e-01  1.14702725e+00 -7.22604096e-01 -6.54840246e-02
   8.80585983e-02 -1.14847636e+00 -2.99722791e-01 -9.33032259e-02]
 [-1.46222617e-02  1.41454802e-04  3.70674223e-01  2.28947639e-01
   1.82499379e-01  2.46076345e-01  5.13477586e-02 -5.81048489e-01
   2.32090548e-01 -1.26439497e-01 -2.43949279e-01 -2.17345506e-02
   3.85671407e-01 -7.65404999e-02 -7.30402946e-01  3.96970361e-02
   5.36142401e-02  1.12036765e+00 -1.32435188e-01 -1.35803744e-01]
 [-1.77938063e-02 -1.10245951e-01 -2.74406970e-01 -2.05072090e-01
   7.15044796e-01 -8.22700635e-02 -2.14175493e-01 -5.42094886e-01
   8.17128271e-02 -6.14397787e-02 -2.15908177e-02 -1.32317871e-01
  -1.29555926e-01  5.35363317e-01 -1.86029583e-01  2.50890534e-02
   1.46263063e-01 -9.02220234e-02 -4.35160726e-01  3.15338708e-02]
 [ 2.10167021e-01 -7.59837478e-02 -2.42300890e-03 -1.23096019e-01
   7.42695212e-01 -9.52051431e-02  2.26249188e-01 -4.34048235e-01
   1.77082028e-02 -4.21293043e-02  7.50124548e-03  1.93502948e-01
   5.46557046e-02 -4.80514199e-01 -3.03218037e-01 -4.67387699e-02
   4.14981879e-02 -3.79721195e-01  8.05312276e-01 -9.05054156e-03]
 [-9.76916105e-02 -7.88557827e-02  2.59842388e-02 -3.76206897e-02
   4.90961045e-01  2.42528126e-01 -4.79096249e-02 -2.18378529e-01
   2.11592540e-01 -9.47886240e-03  1.42644837e-01 -9.73623246e-02
  -2.10893229e-01  1.22171313e-01 -6.45495236e-01  9.22671184e-02
  -5.87422401e-02  6.20727360e-01 -3.92676711e-01 -1.96232602e-01]
 [ 1.42689466e-01 -6.28984198e-02  2.16222316e-01  4.48060501e-03
  -6.23285472e-01  3.34520280e-01 -5.65435155e-04 -3.98850203e-01
  -7.39830956e-02 -1.38967782e-02  2.93030620e-01 -7.17264265e-02
  -5.56097142e-02  7.18685925e-01  7.39685774e-01 -3.04579083e-02
   2.94852387e-02  5.59283495e-01 -8.54597390e-01  1.30561143e-01]]
